    0    0.00000    5.56000    0.00000    0.00000    0.00000
    1    1.84146    5.56026    0.25576    0.51152  425.00000
    2    3.68227    5.56102    0.51143    0.51133  425.00000
    3    5.52239    5.56230    0.76700    0.51114  425.00000
    4    7.36180    5.56409    1.02247    0.51095  425.00000
    5    9.20049    5.56639    1.27785    0.51075  425.00000
    6   11.03843    5.56920    1.53311    0.51054  425.00000
    7   12.87559    5.57252    1.78828    0.51032  425.00000
    8   14.71196    5.57636    2.04333    0.51010  425.00000
    9   16.54750    5.58070    2.29826    0.50987  425.00000
   10   18.38221    5.58555    2.55308    0.50964  425.00000
   11   20.21606    5.59091    2.80779    0.50940  425.00000
   12   22.04901    5.59678    3.06236    0.50916  425.00000
   13   23.88107    5.60316    3.31681    0.50890  425.00000
   14   25.71219    5.61005    3.57114    0.50864  425.00000
   15   27.54236    5.61744    3.82533    0.50838  425.00000
   16   29.37155    5.62535    4.07938    0.50811  425.00000
   17   31.19975    5.63376    4.33330    0.50783  425.00000
   18   33.02693    5.64268    4.58707    0.50755  425.00000
   19   34.85308    5.65211    4.84070    0.50726  425.00000
   20   36.67815    5.66204    5.09419    0.50697  425.00000
   21   38.50215    5.67248    5.34752    0.50667  425.00000
   22   40.32504    5.68343    5.60070    0.50636  425.00000
   23   42.14680    5.69489    5.85372    0.50604  425.00000
   24   43.96741    5.70685    6.10658    0.50573  425.00000
   25   45.78685    5.71931    6.35928    0.50540  425.00000
   26   47.60510    5.73228    6.61182    0.50507  425.00000
   27   49.42213    5.74576    6.86418    0.50473  425.00000
   28   51.23793    5.75974    7.11638    0.50439  425.00000
   29   53.05247    5.77423    7.36840    0.50404  425.00000
   30   54.86573    5.78921    7.62024    0.50368  425.00000
   31   56.67770    5.80471    7.87190    0.50332  425.00000
   32   58.48834    5.82070    8.12338    0.50296  425.00000
   33   60.29764    5.83720    8.37467    0.50258  425.00000
   34   62.10557    5.85420    8.62577    0.50220  425.00000
   35   63.91212    5.87170    8.87668    0.50182  425.00000
   36   65.71727    5.88971    9.12740    0.50143  425.00000
   37   67.52099    5.90821    9.37791    0.50103  425.00000
   38   67.52099    5.92697    0.25329    0.00000   11.47869
   39   67.52099    5.94572    0.25329    0.00000   11.47869
   40   67.52099    5.96448    0.25329    0.00000   11.47869
   41   67.52099    5.98324    0.25329    0.00000   11.47869
   42   67.47096    6.00198    0.00000   -0.01390    0.00000
   43   67.42097    6.02072    0.00000   -0.01389    0.00000
   44   67.37102    6.03944    0.00000   -0.01387    0.00000
   45   67.32112    6.05815    0.00000   -0.01386    0.00000
   46   67.27125    6.07684    0.00000   -0.01385    0.00000
   47   66.89894    6.09548   -0.00141   -0.10342   -0.08958
   48   66.52692    6.11401   -0.00141   -0.10334   -0.08958
   49   66.15521    6.13244   -0.00140   -0.10325   -0.08958
   50   65.78379    6.15076   -0.00139   -0.10317   -0.08958
   51   65.41267    6.16898   -0.00138   -0.10309   -0.08958
   52   65.41267    6.18715    0.23709    0.00000   11.09106
   53   65.41267    6.20532    0.23709    0.00000   11.09106
   54   65.41267    6.22349    0.23709    0.00000   11.09106
   55   65.41267    6.24166    0.23709    0.00000   11.09106
   56   65.41267    6.25983    0.23709    0.00000   11.09106
   57   67.21663    6.27825    9.33564    0.50110  425.00000
   58   69.01915    6.29718    9.58599    0.50070  425.00000
   59   70.82020    6.31660    9.83614    0.50029  425.00000
   60   72.61977    6.33652   10.08608    0.49988  425.00000
   61   74.41783    6.35694   10.33581    0.49946  425.00000
   62   76.21437    6.37786   10.58533    0.49904  425.00000
   63   78.00935    6.39928   10.83463    0.49861  425.00000
   64   79.80278    6.42120   11.08372    0.49817  425.00000
   65   81.59461    6.44362   11.33258    0.49773  425.00000
   66   83.38483    6.46653   11.58123    0.49728  425.00000
   67   85.17343    6.48994   11.82964    0.49683  425.00000
   68   86.96038    6.51385   12.07783    0.49637  425.00000
   69   88.74566    6.53825   12.32579    0.49591  425.00000
   70   90.52925    6.56315   12.57351    0.49544  425.00000
   71   92.31114    6.58855   12.82099    0.49497  425.00000
   72   94.09129    6.61444   13.06823    0.49449  425.00000
   73   95.86970    6.64082   13.31524    0.49400  425.00000
   74   97.64634    6.66770   13.56199    0.49351  425.00000
   75   97.64634    6.69482    0.56705    0.00000   17.76992
   76   97.64634    6.72194    0.56705    0.00000   17.76992
   77   97.64634    6.74907    0.56705    0.00000   17.76992
   78   97.64634    6.77619    0.56705    0.00000   17.76992
   79   97.64634    6.80332    0.56705    0.00000   17.76992
   80   97.56889    6.83043    0.00000   -0.02151    0.00000
   81   97.49152    6.85752    0.00000   -0.02149    0.00000
   82   97.41423    6.88459    0.00000   -0.02147    0.00000
   83   97.33702    6.91164    0.00000   -0.02145    0.00000
   84   97.25988    6.93867    0.00000   -0.02143    0.00000
   85   95.89479    6.96550   -0.00810   -0.37919   -0.35779
   86   94.53107    6.99194   -0.00799   -0.37881   -0.35779
   87   93.16870    7.01801   -0.00787   -0.37843   -0.35779
   88   91.80768    7.04370   -0.00776   -0.37806   -0.35779
   89   90.44799    7.06902   -0.00764   -0.37769   -0.35779
   90   90.44799    7.09414    0.47703    0.00000   16.13879
   91   90.44799    7.11927    0.47703    0.00000   16.13879
   92   90.44799    7.14439    0.47703    0.00000   16.13879
   93   90.44799    7.16951    0.47703    0.00000   16.13879
   94   90.44799    7.19464    0.47703    0.00000   16.13879
   95   92.22995    7.22001   12.80972    0.49499  425.00000
   96   94.01019    7.24588   13.05697    0.49451  425.00000
   97   95.78867    7.27224   13.30398    0.49402  425.00000
   98   97.56539    7.29909   13.55075    0.49353  425.00000
   99   99.34033    7.32644   13.79727    0.49304  425.00000
  100  101.11346    7.35428   14.04354    0.49254  425.00000
  101  102.88476    7.38262   14.28955    0.49203  425.00000
  102  104.65422    7.41144   14.53531    0.49152  425.00000
  103  106.42182    7.44076   14.78081    0.49100  425.00000
  104  108.18753    7.47056   15.02605    0.49048  425.00000
  105  109.95134    7.50086   15.27102    0.48995  425.00000
  106  111.71323    7.53165   15.51573    0.48941  425.00000
  107  113.47318    7.56292   15.76016    0.48888  425.00000
  108  115.23117    7.59469   16.00433    0.48833  425.00000
  109  116.98719    7.62694   16.24822    0.48778  425.00000
  110  118.74120    7.65968   16.49183    0.48723  425.00000
  111  120.49321    7.69291   16.73517    0.48667  425.00000
  112  122.24318    7.72662   16.97822    0.48610  425.00000
  113  123.99110    7.76082   17.22099    0.48553  425.00000
  114  125.73695    7.79550   17.46347    0.48496  425.00000
  115  127.48071    7.83067   17.70565    0.48438  425.00000
  116  129.22237    7.86633   17.94755    0.48379  425.00000
  117  130.96190    7.90246   18.18915    0.48320  425.00000
  118  132.69930    7.93908   18.43046    0.48261  425.00000
  119  134.43453    7.97618   18.67146    0.48201  425.00000
  120  136.16759    8.01377   18.91216    0.48140  425.00000
  121  137.89845    8.05183   19.15256    0.48080  425.00000
  122  139.62710    8.09038   19.39265    0.48018  425.00000
  123  141.35352    8.12940   19.63243    0.47956  425.00000
  124  143.07769    8.16891   19.87190    0.47894  425.00000
  125  144.79960    8.20889   20.11106    0.47831  425.00000
  126  146.51923    8.24935   20.34989    0.47767  425.00000
  127  148.23657    8.29029   20.58841    0.47704  425.00000
  128  149.95158    8.33171   20.82661    0.47639  425.00000
  129  151.66427    8.37360   21.06448    0.47575  425.00000
  130  153.35428    8.41596   21.06548    0.46945  420.33631
  131  155.02177    8.45879   21.05986    0.46319  415.70407
  132  156.66744    8.50208   21.05450    0.45713  411.23256
  133  158.29198    8.54582   21.04936    0.45126  406.91287
  134  159.89602    8.59002   21.04445    0.44557  402.73676
  135  161.48015    8.63465   21.03974    0.44004  398.69662
  136  163.04497    8.67973   21.03522    0.43467  394.78536
  137  164.59100    8.72523   21.03088    0.42945  390.99643
  138  166.11877    8.77116   21.02671    0.42438  387.32373
  139  167.62877    8.81752   21.02271    0.41944  383.76157
  140  169.12147    8.86429   21.01885    0.41464  380.30464
  141  170.59732    8.91147   21.01514    0.40996  376.94800
  142  170.59732    8.95886    2.16484    0.00000   38.83068
  143  170.59732    9.00625    2.16484    0.00000   38.83068
  144  170.59732    9.05363    2.16484    0.00000   38.83068
  145  170.59732    9.10102    2.16484    0.00000   38.83068
  146  170.59732    9.14841    2.16484    0.00000   38.83068
  147  170.42808    9.19578    0.00000   -0.04701    0.00000
  148  170.25910    9.24309    0.00000   -0.04694    0.00000
  149  170.09037    9.29036    0.00000   -0.04687    0.00000
  150  169.92189    9.33759    0.00000   -0.04680    0.00000
  151  169.75367    9.38477    0.00000   -0.04673    0.00000
  152  168.43307    9.43174   -0.01273   -0.36683   -0.32018
  153  168.43307    9.47852    2.09645    0.00000   38.08717
  154  168.43307    9.52531    2.09645    0.00000   38.08717
  155  168.43307    9.57210    2.09645    0.00000   38.08717
  156  168.43307    9.61888    2.09645    0.00000   38.08717
  157  168.43307    9.66567    2.09645    0.00000   38.08717
  158  169.91666    9.71266   21.01684    0.41211  378.48863
  159  171.38362    9.76007   21.01320    0.40749  375.18394
  160  172.83439    9.80787   21.00969    0.40299  371.97253
  161  174.26935    9.85608   21.00630    0.39860  368.85020
  162  175.68888    9.90469   21.00303    0.39432  365.81304
  163  177.09336    9.95369   20.99988    0.39013  362.85734
  164  178.48312   10.00307   20.99683    0.38605  359.97962
  165  179.85851   10.05284   20.99387    0.38205  357.17663
  166  181.21985   10.10299   20.99102    0.37815  354.44528
  167  182.56744   10.15352   20.98825    0.37433  351.78266
  168  183.90158   10.20442   20.98558    0.37060  349.18603
  169  185.22257   10.25568   20.98298    0.36694  346.65281
  170  186.53066   10.30732   20.98046    0.36336  344.18053
  171  187.82613   10.35931   20.97802    0.35985  341.76687
  172  189.10924   10.41166   20.97565    0.35642  339.40964
  173  190.38022   10.46437   20.97335    0.35305  337.10675
  174  191.63932   10.51743   20.97112    0.34975  334.85621
  175  192.88676   10.57083   20.96894    0.34651  332.65616
  176  194.12276   10.62458   20.96683    0.34333  330.50480
  177  195.34755   10.67868   20.96478    0.34022  328.40043
  178  196.56131   10.73311   20.96278    0.33716  326.34144
  179  197.76426   10.78788   20.96083    0.33415  324.32628
  180  198.95659   10.84298   20.95894    0.33120  322.35349
  181  200.13848   10.89841   20.95709    0.32830  320.42166
  182  201.31011   10.95416   20.95529    0.32545  318.52946
  183  202.47166   11.01024   20.95354    0.32265  316.67560
  184  203.62330   11.06665   20.95183    0.31990  314.85888
  185  204.76519   11.12337   20.95016    0.31719  313.07812
  186  205.89750   11.18040   20.94854    0.31453  311.33221
  187  207.02038   11.23775   20.94695    0.31191  309.62008
  188  208.13397   11.29541   20.94540    0.30933  307.94070
  189  208.13397   11.35323    3.59682    0.00000   52.88072
  190  208.13397   11.41104    3.59682    0.00000   52.88072
  191  208.13397   11.46886    3.59682    0.00000   52.88072
  192  208.13397   11.52667    3.59682    0.00000   52.88072
  193  208.13397   11.58449    3.59682    0.00000   52.88072
  194  208.13397   11.64230    3.59682    0.00000   52.88072
  195  208.13397   11.70012    3.59682    0.00000   52.88072
  196  208.13397   11.75793    3.59682    0.00000   52.88072
  197  208.13397   11.81575    3.59682    0.00000   52.88072
  198  208.13397   11.87356    3.59682    0.00000   52.88072
  199  208.13397   11.93138    3.59682    0.00000   52.88072
  200  208.13397   11.98919    3.59682    0.00000   52.88072
  201  208.13397   12.04701    3.59682    0.00000   52.88072
  202  208.13397   12.10482    3.59682    0.00000   52.88072
  203  208.13397   12.16264    3.59682    0.00000   52.88072
  204  208.13397   12.22045    3.59682    0.00000   52.88072
  205  208.13397   12.27827    3.59682    0.00000   52.88072
  206  208.13397   12.33608    3.59682    0.00000   52.88072
  207  208.13397   12.39390    3.59682    0.00000   52.88072
  208  208.13397   12.45171    3.59682    0.00000   52.88072
  209  208.13397   12.50953    3.59682    0.00000   52.88072
  210  208.13397   12.56734    3.59682    0.00000   52.88072
  211  208.13397   12.62516    3.59682    0.00000   52.88072
  212  208.13397   12.68297    3.59682    0.00000   52.88072
  213  208.13397   12.74079    3.59682    0.00000   52.88072
  214  208.13397   12.79860    3.59682    0.00000   52.88072
  215  208.13397   12.85642    3.59682    0.00000   52.88072
  216  208.13397   12.91423    3.59682    0.00000   52.88072
  217  208.13397   12.97205    3.59682    0.00000   52.88072
  218  208.13397   13.02986    3.59682    0.00000   52.88072
  219  208.13397   13.08768    3.59682    0.00000   52.88072
  220  208.13397   13.14549    3.59682    0.00000   52.88072
  221  208.13397   13.20331    3.59682    0.00000   52.88072
  222  208.13397   13.26112    3.59682    0.00000   52.88072
  223  208.13397   13.31894    3.59682    0.00000   52.88072
  224  208.13397   13.37675    3.59682    0.00000   52.88072
  225  208.13397   13.43457    3.59682    0.00000   52.88072
  226  208.13397   13.49238    3.59682    0.00000   52.88072
  227  208.13397   13.55020    3.59682    0.00000   52.88072
  228  208.13397   13.60801    3.59682    0.00000   52.88072
  229  207.90350   13.66580    0.00000   -0.06402    0.00000
  230  207.67343   13.72352    0.00000   -0.06391    0.00000
  231  207.44377   13.78117    0.00000   -0.06380    0.00000
  232  207.21451   13.83876    0.00000   -0.06368    0.00000
  233  206.98565   13.89629    0.00000   -0.06357    0.00000
  234  206.23210   13.95368   -0.00710   -0.20932   -0.14586
  235  205.47988   14.01086   -0.00708   -0.20895   -0.14586
  236  204.72897   14.06784   -0.00705   -0.20859   -0.14586
  237  203.97936   14.12460   -0.00702   -0.20822   -0.14586
  238  203.23105   14.18116   -0.00700   -0.20786   -0.14586
  239  203.23105   14.23761    3.38198    0.00000   50.92158
  240  203.23105   14.29406    3.38198    0.00000   50.92158
  241  203.23105   14.35052    3.38198    0.00000   50.92158
  242  203.23105   14.40697    3.38198    0.00000   50.92158
  243  203.23105   14.46342    3.38198    0.00000   50.92158
  244  203.23105   14.51988    3.38198    0.00000   50.92158
  245  203.23105   14.57633    3.38198    0.00000   50.92158
  246  203.23105   14.63278    3.38198    0.00000   50.92158
  247  203.23105   14.68924    3.38198    0.00000   50.92158
  248  203.23105   14.74569    3.38198    0.00000   50.92158
  249  203.23105   14.80214    3.38198    0.00000   50.92158
  250  203.23105   14.85860    3.38198    0.00000   50.92158
  251  203.23105   14.91505    3.38198    0.00000   50.92158
  252  203.23105   14.97150    3.38198    0.00000   50.92158
  253  203.23105   15.02795    3.38198    0.00000   50.92158
  254  203.23105   15.08441    3.38198    0.00000   50.92158
  255  203.23105   15.14086    3.38198    0.00000   50.92158
  256  203.23105   15.19731    3.38198    0.00000   50.92158
  257  203.23105   15.25377    3.38198    0.00000   50.92158
  258  203.23105   15.31022    3.38198    0.00000   50.92158
  259  203.23105   15.36667    3.38198    0.00000   50.92158
  260  204.37625   15.42329   20.95073    0.31811  313.68238
  261  205.51182   15.48021   20.94909    0.31543  311.92469
  262  206.63790   15.53746   20.94749    0.31280  310.20114
  263  207.75465   15.59501   20.94592    0.31021  308.51069
  264  208.86221   15.65287   20.94440    0.30766  306.85234
  265  209.96073   15.71104   20.94291    0.30515  305.22515
  266  211.05036   15.76952   20.94145    0.30267  303.62820
  267  212.13122   15.82829   20.94003    0.30024  302.06061
  268  213.20344   15.88737   20.93864    0.29784  300.52154
  269  214.26716   15.94674   20.93728    0.29548  299.01018
  270  215.32250   16.00640   20.93594    0.29315  297.52576
  271  216.36958   16.06636   20.93464    0.29086  296.06753
  272  217.69741   16.12665   20.96118    0.36884  294.63476
  273  219.01499   16.18730   20.95942    0.36599  292.83766
  274  220.32248   16.24832   20.95771    0.36319  291.07597
  275  221.62005   16.30970   20.95603    0.36043  289.34859
  276  222.90784   16.37144   20.95439    0.35772  287.65448
  277  224.18599   16.43354   20.95279    0.35504  285.99264
  278  225.45467   16.49599   20.95123    0.35241  284.36210
  279  226.71399   16.55879   20.94970    0.34981  282.76195
  280  227.96410   16.62194   20.94821    0.34725  281.19129
  281  229.20513   16.68544   20.94675    0.34473  279.64929
  282  230.43721   16.74928   20.94532    0.34224  278.13513
  283  231.66046   16.81346   20.94392    0.33979  276.64803
  284  232.87501   16.87797   20.94256    0.33737  275.18723
  285  234.08096   16.94283   20.94122    0.33499  273.75200
  286  235.27845   17.00802   20.93991    0.33263  272.34167
  287  236.46757   17.07354   20.93863    0.33031  270.95555
  288  237.64844   17.13939   20.93737    0.32802  269.59300
  289  238.82116   17.20556   20.93614    0.32576  268.25339
  290  239.98584   17.27207   20.93493    0.32352  266.93614
  291  241.14259   17.33889   20.93375    0.32132  265.64067
  292  242.29149   17.40603   20.93259    0.31914  264.36641
  293  243.43265   17.47349   20.93146    0.31699  263.11283
  294  244.56616   17.54127   20.93034    0.31486  261.87942
  295  245.69211   17.60936   20.92925    0.31276  260.66566
  296  246.81060   17.67777   20.92817    0.31069  259.47109
  297  247.92170   17.74648   20.92712    0.30864  258.29523
  298  249.02551   17.81550   20.92609    0.30661  257.13764
  299  250.12212   17.88483   20.92507    0.30461  255.99787
  300  250.92271   17.95441   20.90002    0.22239  254.87550
  301  251.71812   18.02423   20.89937    0.22095  254.06230
  302  252.50840   18.09426   20.89874    0.21952  253.25948
  303  253.29361   18.16451   20.89812    0.21811  252.46685
  304  254.07378   18.23498   20.89750    0.21672  251.68421
  305  254.84897   18.30566   20.89690    0.21533  250.91137
  306  255.61924   18.37656   20.89630    0.21396  250.14815
  307  256.38462   18.44767   20.89571    0.21261  249.39438
  308  257.14516   18.51899   20.89513    0.21126  248.64986
  309  257.90090   18.59053   20.89456    0.20993  247.91445
  310  258.65191   18.66227   20.89400    0.20861  247.18797
  311  259.39820   18.73422   20.89344    0.20731  246.47025
  312  260.13984   18.80638   20.89290    0.20601  245.76115
  313  260.87687   18.87874   20.89236    0.20473  245.06050
  314  261.60932   18.95131   20.89183    0.20346  244.36816
  315  262.33723   19.02408   20.89130    0.20220  243.68398
  316  263.06066   19.09705   20.89078    0.20095  243.00782
  317  263.77963   19.17023   20.89027    0.19972  242.33954
  318  264.49420   19.24360   20.88977    0.19849  241.67901
  319  265.20439   19.31717   20.88927    0.19728  241.02608
  320  265.91025   19.39093   20.88878    0.19607  240.38064
  321  266.61181   19.46489   20.88830    0.19488  239.74255
  322  267.30911   19.53905   20.88782    0.19370  239.11169
  323  268.00219   19.61340   20.88735    0.19252  238.48794
  324  268.69109   19.68794   20.88689    0.19136  237.87119
  325  269.37584   19.76267   20.88643    0.19021  237.26131
  326  270.05647   19.83759   20.88597    0.18906  236.65820
  327  270.73302   19.91270   20.88553    0.18793  236.06174
  328  271.40553   19.98800   20.88508    0.18681  235.47183
  329  272.07403   20.06348   20.88465    0.18569  234.88836
  330  272.73855   20.13915   20.88422    0.18459  234.31123
  331  273.39913   20.21500   20.88379    0.18349  233.74033
  332  274.05579   20.29104   20.88337    0.18241  233.17558
  333  274.70857   20.36725   20.88296    0.18133  232.61687
  334  275.35751   20.44365   20.88255    0.18026  232.06411
  335  276.00262   20.52023   20.88214    0.17920  231.51720
  336  276.64395   20.59699   20.88174    0.17815  230.97607
  337  277.28152   20.67392   20.88135    0.17710  230.44061
  338  277.91537   20.75103   20.88096    0.17607  229.91074
  339  278.54552   20.82832   20.88057    0.17504  229.38638
  340  279.17200   20.90578   20.88019    0.17402  228.86744
  341  279.79484   20.98341   20.87981    0.17301  228.35385
  342  280.41407   21.06122   20.87944    0.17201  227.84552
  343  281.02972   21.13920   20.87907    0.17101  227.34237
  344  281.64181   21.21735   20.87871    0.17003  226.84434
  345  282.25038   21.29567   20.87835    0.16905  226.35133
  346  282.85545   21.37415   20.87799    0.16807  225.86329
  347  283.45704   21.45281   20.87764    0.16711  225.38014
  348  284.05518   21.53163   20.87730    0.16615  224.90181
  349  284.64991   21.61061   20.87695    0.16520  224.42822
  350  285.24124   21.68977   20.87661    0.16426  223.95932
  351  285.82920   21.76908   20.87628    0.16332  223.49503
  352  286.41381   21.84856   20.87594    0.16239  223.03530
  353  286.99510   21.92820   20.87562    0.16147  222.58005
  354  287.57310   22.00800   20.87529    0.16056  222.12923
  355  288.14783   22.08796   20.87497    0.15965  221.68276
  356  288.71931   22.16808   20.87465    0.15874  221.24060
  357  289.28757   22.24836   20.87434    0.15785  220.80269
  358  289.85263   22.32880   20.87403    0.15696  220.36896
  359  290.41451   22.40939   20.87372    0.15608  219.93936
  360  290.97324   22.49014   20.87341    0.15520  219.51383
  361  291.52883   22.57104   20.87311    0.15433  219.09231
  362  292.08132   22.65210   20.87282    0.15347  218.67477
  363  292.63072   22.73331   20.87252    0.15261  218.26113
  364  293.17706   22.81467   20.87223    0.15176  217.85136
  365  293.72036   22.89618   20.87194    0.15092  217.44539
  366  294.26063   22.97785   20.87165    0.15008  217.04318
  367  294.79791   23.05966   20.87137    0.14924  216.64468
  368  295.33220   23.14162   20.87109    0.14842  216.24984
  369  295.86354   23.22374   20.87081    0.14759  215.85862
  370  296.39194   23.30599   20.87054    0.14678  215.47096
  371  296.91742   23.38840   20.87027    0.14597  215.08682
  372  297.44000   23.47095   20.87000    0.14516  214.70616
  373  297.95971   23.55364   20.86973    0.14436  214.32894
  374  298.47656   23.63648   20.86947    0.14357  213.95510
  375  298.99058   23.71946   20.86921    0.14278  213.58461
  376  299.50177   23.80258   20.86895    0.14200  213.21742
  377  300.01017   23.88585   20.86870    0.14122  212.85350
  378  300.51578   23.96926   20.86844    0.14045  212.49280
  379  301.01863   24.05280   20.86819    0.13968  212.13528
  380  301.51874   24.13649   20.86795    0.13892  211.78091
  381  302.01613   24.22031   20.86770    0.13816  211.42964
  382  302.51081   24.30428   20.86746    0.13741  211.08144
  383  303.00280   24.38837   20.86722    0.13666  210.73627
  384  303.49212   24.47261   20.86698    0.13592  210.39410
  385  303.97878   24.55698   20.86674    0.13519  210.05488
  386  304.46281   24.64149   20.86651    0.13445  209.71858
  387  304.94422   24.72613   20.86627    0.13373  209.38518
  388  305.42304   24.81090   20.86605    0.13300  209.05462
  389  305.89926   24.89581   20.86582    0.13229  208.72689
  390  306.37292   24.98084   20.86559    0.13157  208.40194
  391  306.84403   25.06601   20.86537    0.13086  208.07975
  392  307.31261   25.15131   20.86515    0.13016  207.76027
  393  307.77867   25.23674   20.86493    0.12946  207.44349
  394  308.24223   25.32230   20.86471    0.12877  207.12936
  395  308.70330   25.40799   20.86450    0.12808  206.81787
  396  309.16190   25.49380   20.86428    0.12739  206.50897
  397  309.61805   25.57974   20.86407    0.12671  206.20264
  398  310.07176   25.66581   20.86386    0.12603  205.89885
  399  310.52305   25.75200   20.86365    0.12536  205.59757
  400  310.97193   25.83832   20.86345    0.12469  205.29877
  401  311.41842   25.92477   20.86325    0.12402  205.00243
  402  311.86253   26.01133   20.86304    0.12336  204.70851
  403  312.30428   26.09802   20.86284    0.12271  204.41699
  404  312.74369   26.18484   20.86265    0.12206  204.12784
  405  313.18076   26.27177   20.86245    0.12141  203.84105
  406  313.61551   26.35882   20.86225    0.12077  203.55657
  407  314.04796   26.44600   20.86206    0.12013  203.27438
  408  314.47813   26.53330   20.86187    0.11949  202.99447
  409  314.90601   26.62071   20.86168    0.11886  202.71680
  410  315.33164   26.70824   20.86149    0.11823  202.44136
  411  315.75502   26.79589   20.86131    0.11761  202.16811
  412  316.17617   26.88366   20.86112    0.11699  201.89703
  413  316.59509   26.97155   20.86094    0.11637  201.62810
  414  317.01181   27.05955   20.86076    0.11576  201.36130
  415  317.42634   27.14766   20.86058    0.11515  201.09661
  416  317.83870   27.23590   20.86040    0.11454  200.83399
  417  318.24888   27.32424   20.86022    0.11394  200.57344
  418  318.65691   27.41270   20.86004    0.11334  200.31492
  419  319.06281   27.50127   20.85987    0.11275  200.05842
  420  319.46658   27.58996   20.85970    0.11216  199.80392
  421  319.86823   27.67875   20.85953    0.11157  199.55139
  422  319.86823   27.76761   11.25032    0.00000  107.62550
  423  319.86823   27.85646   11.25032    0.00000  107.62550
  424  319.86823   27.94531   11.25032    0.00000  107.62550
  425  319.86823   28.03416   11.25032    0.00000  107.62550
  426  319.86823   28.12301   11.25032    0.00000  107.62550
  427  319.86823   28.21187   11.25032    0.00000  107.62550
  428  319.86823   28.30072   11.25032    0.00000  107.62550
  429  319.86823   28.38957   11.25032    0.00000  107.62550
  430  319.86823   28.47842   11.25032    0.00000  107.62550
  431  319.86823   28.56728   11.25032    0.00000  107.62550
  432  319.86823   28.65613   11.25032    0.00000  107.62550
  433  319.86823   28.74498   11.25032    0.00000  107.62550
  434  319.86823   28.83383   11.25032    0.00000  107.62550
  435  319.86823   28.92269   11.25032    0.00000  107.62550
  436  319.86823   29.01154   11.25032    0.00000  107.62550
  437  319.86823   29.10039   11.25032    0.00000  107.62550
  438  319.86823   29.18924   11.25032    0.00000  107.62550
  439  319.86823   29.27809   11.25032    0.00000  107.62550
  440  319.86823   29.36695   11.25032    0.00000  107.62550
  441  319.86823   29.45580   11.25032    0.00000  107.62550
  442  319.86823   29.54465   11.25032    0.00000  107.62550
  443  319.86823   29.63350   11.25032    0.00000  107.62550
  444  319.86823   29.72236   11.25032    0.00000  107.62550
  445  319.86823   29.81121   11.25032    0.00000  107.62550
  446  319.86823   29.90006   11.25032    0.00000  107.62550
  447  319.86823   29.98891   11.25032    0.00000  107.62550
  448  319.86823   30.07776   11.25032    0.00000  107.62550
  449  319.86823   30.16662   11.25032    0.00000  107.62550
  450  319.86823   30.25547   11.25032    0.00000  107.62550
  451  319.86823   30.34432   11.25032    0.00000  107.62550
  452  319.86823   30.43317   11.25032    0.00000  107.62550
  453  319.86823   30.52203   11.25032    0.00000  107.62550
  454  319.86823   30.61088   11.25032    0.00000  107.62550
  455  319.86823   30.69973   11.25032    0.00000  107.62550
  456  319.86823   30.78858   11.25032    0.00000  107.62550
  457  319.86823   30.87744   11.25032    0.00000  107.62550
  458  319.86823   30.96629   11.25032    0.00000  107.62550
  459  319.86823   31.05514   11.25032    0.00000  107.62550
  460  319.86823   31.14399   11.25032    0.00000  107.62550
  461  319.86823   31.23284   11.25032    0.00000  107.62550
  462  319.86823   31.32170   11.25032    0.00000  107.62550
  463  319.86823   31.41055   11.25032    0.00000  107.62550
  464  319.86823   31.49940   11.25032    0.00000  107.62550
  465  319.86823   31.58825   11.25032    0.00000  107.62550
  466  319.86823   31.67711   11.25032    0.00000  107.62550
  467  319.86823   31.76596   11.25032    0.00000  107.62550
  468  319.86823   31.85481   11.25032    0.00000  107.62550
  469  319.86823   31.94366   11.25032    0.00000  107.62550
  470  319.86823   32.03252   11.25032    0.00000  107.62550
  471  319.86823   32.12137   11.25032    0.00000  107.62550
  472  319.86823   32.21022   11.25032    0.00000  107.62550
  473  319.86823   32.29907   11.25032    0.00000  107.62550
  474  319.86823   32.38792   11.25032    0.00000  107.62550
  475  319.86823   32.47678   11.25032    0.00000  107.62550
  476  319.86823   32.56563   11.25032    0.00000  107.62550
  477  319.86823   32.65448   11.25032    0.00000  107.62550
  478  319.86823   32.74333   11.25032    0.00000  107.62550
  479  319.86823   32.83219   11.25032    0.00000  107.62550
  480  319.86823   32.92104   11.25032    0.00000  107.62550
  481  319.86823   33.00989   11.25032    0.00000  107.62550
  482  319.86823   33.09874   11.25032    0.00000  107.62550
  483  319.86823   33.18760   11.25032    0.00000  107.62550
  484  319.86823   33.27645   11.25032    0.00000  107.62550
  485  319.86823   33.36530   11.25032    0.00000  107.62550
  486  319.86823   33.45415   11.25032    0.00000  107.62550
  487  319.86823   33.54300   11.25032    0.00000  107.62550
  488  319.86823   33.63186   11.25032    0.00000  107.62550
  489  319.86823   33.72071   11.25032    0.00000  107.62550
  490  319.86823   33.80956   11.25032    0.00000  107.62550
  491  319.86823   33.89841   11.25032    0.00000  107.62550
  492  319.86823   33.98727   11.25032    0.00000  107.62550
  493  319.86823   34.07612   11.25032    0.00000  107.62550
  494  319.86823   34.16497   11.25032    0.00000  107.62550
  495  319.86823   34.25382   11.25032    0.00000  107.62550
  496  319.86823   34.34267   11.25032    0.00000  107.62550
  497  319.86823   34.43153   11.25032    0.00000  107.62550
  498  319.86823   34.52038   11.25032    0.00000  107.62550
  499  319.86823   34.60923   11.25032    0.00000  107.62550
  500  319.86823   34.69808   11.25032    0.00000  107.62550
  501  319.86823   34.78694   11.25032    0.00000  107.62550
  502  319.86823   34.87579   11.25032    0.00000  107.62550
  503  319.86823   34.96464   11.25032    0.00000  107.62550
  504  319.86823   35.05349   11.25032    0.00000  107.62550
  505  319.86823   35.14235   11.25032    0.00000  107.62550
  506  319.86823   35.23120   11.25032    0.00000  107.62550
  507  319.86823   35.32005   11.25032    0.00000  107.62550
  508  319.86823   35.40890   11.25032    0.00000  107.62550
  509  319.86823   35.49775   11.25032    0.00000  107.62550
  510  319.86823   35.58661   11.25032    0.00000  107.62550
  511  319.86823   35.67546   11.25032    0.00000  107.62550
  512  319.86823   35.76431   11.25032    0.00000  107.62550
  513  319.86823   35.85316   11.25032    0.00000  107.62550
  514  319.86823   35.94202   11.25032    0.00000  107.62550
  515  319.86823   36.03087   11.25032    0.00000  107.62550
  516  319.86823   36.11972   11.25032    0.00000  107.62550
  517  319.86823   36.20857   11.25032    0.00000  107.62550
  518  319.86823   36.29743   11.25032    0.00000  107.62550
  519  319.86823   36.38628   11.25032    0.00000  107.62550
  520  319.86823   36.47513   11.25032    0.00000  107.62550
  521  319.86823   36.56398   11.25032    0.00000  107.62550
  522  319.86823   36.65283   11.25032    0.00000  107.62550
  523  319.86823   36.74169   11.25032    0.00000  107.62550
  524  319.86823   36.83054   11.25032    0.00000  107.62550
  525  319.86823   36.91939   11.25032    0.00000  107.62550
  526  319.86823   37.00824   11.25032    0.00000  107.62550
  527  319.86823   37.09710   11.25032    0.00000  107.62550
  528  319.86823   37.18595   11.25032    0.00000  107.62550
  529  319.86823   37.27480   11.25032    0.00000  107.62550
  530  319.86823   37.36365   11.25032    0.00000  107.62550
  531  319.86823   37.45250   11.25032    0.00000  107.62550
  532  319.86823   37.54136   11.25032    0.00000  107.62550
  533  319.86823   37.63021   11.25032    0.00000  107.62550
  534  319.86823   37.71906   11.25032    0.00000  107.62550
  535  319.86823   37.80791   11.25032    0.00000  107.62550
  536  319.86823   37.89677   11.25032    0.00000  107.62550
  537  319.86823   37.98562   11.25032    0.00000  107.62550
  538  319.86823   38.07447   11.25032    0.00000  107.62550
  539  319.86823   38.16332   11.25032    0.00000  107.62550
  540  319.86823   38.25218   11.25032    0.00000  107.62550
  541  319.86823   38.34103   11.25032    0.00000  107.62550
  542  319.86823   38.42988   11.25032    0.00000  107.62550
  543  319.86823   38.51873   11.25032    0.00000  107.62550
  544  319.86823   38.60758   11.25032    0.00000  107.62550
  545  319.86823   38.69644   11.25032    0.00000  107.62550
  546  319.86823   38.78529   11.25032    0.00000  107.62550
  547  319.86823   38.87414   11.25032    0.00000  107.62550
  548  319.86823   38.96299   11.25032    0.00000  107.62550
  549  319.86823   39.05185   11.25032    0.00000  107.62550
  550  319.86823   39.14070   11.25032    0.00000  107.62550
  551  319.86823   39.22955   11.25032    0.00000  107.62550
  552  319.86823   39.31840   11.25032    0.00000  107.62550
  553  319.86823   39.40726   11.25032    0.00000  107.62550
  554  319.86823   39.49611   11.25032    0.00000  107.62550
  555  319.86823   39.58496   11.25032    0.00000  107.62550
  556  319.86823   39.67381   11.25032    0.00000  107.62550
  557  319.86823   39.76266   11.25032    0.00000  107.62550
  558  319.86823   39.85152   11.25032    0.00000  107.62550
  559  319.86823   39.94037   11.25032    0.00000  107.62550
  560  319.86823   40.02922   11.25032    0.00000  107.62550
  561  319.86823   40.11807   11.25032    0.00000  107.62550
  562  319.86823   40.20693   11.25032    0.00000  107.62550
  563  319.86823   40.29578   11.25032    0.00000  107.62550
  564  319.86823   40.38463   11.25032    0.00000  107.62550
  565  319.86823   40.47348   11.25032    0.00000  107.62550
  566  319.86823   40.56233   11.25032    0.00000  107.62550
  567  319.86823   40.65119   11.25032    0.00000  107.62550
  568  319.86823   40.74004   11.25032    0.00000  107.62550
  569  319.86823   40.82889   11.25032    0.00000  107.62550
  570  319.86823   40.91774   11.25032    0.00000  107.62550
  571  319.86823   41.00660   11.25032    0.00000  107.62550
  572  319.86823   41.09545   11.25032    0.00000  107.62550
  573  319.86823   41.18430   11.25032    0.00000  107.62550
  574  319.86823   41.27315   11.25032    0.00000  107.62550
  575  319.86823   41.36201   11.25032    0.00000  107.62550
  576  319.86823   41.45086   11.25032    0.00000  107.62550
  577  319.86823   41.53971   11.25032    0.00000  107.62550
  578  319.86823   41.62856   11.25032    0.00000  107.62550
  579  319.86823   41.71741   11.25032    0.00000  107.62550
  580  319.86823   41.80627   11.25032    0.00000  107.62550
  581  319.86823   41.89512   11.25032    0.00000  107.62550
  582  319.86823   41.98397   11.25032    0.00000  107.62550
  583  319.86823   42.07282   11.25032    0.00000  107.62550
  584  319.86823   42.16168   11.25032    0.00000  107.62550
  585  319.86823   42.25053   11.25032    0.00000  107.62550
  586  319.86823   42.33938   11.25032    0.00000  107.62550
  587  319.86823   42.42823   11.25032    0.00000  107.62550
  588  319.86823   42.51709   11.25032    0.00000  107.62550
  589  319.86823   42.60594   11.25032    0.00000  107.62550
  590  319.86823   42.69479   11.25032    0.00000  107.62550
  591  319.86823   42.78364   11.25032    0.00000  107.62550
  592  319.86823   42.87249   11.25032    0.00000  107.62550
  593  319.86823   42.96135   11.25032    0.00000  107.62550
  594  319.86823   43.05020   11.25032    0.00000  107.62550
  595  319.86823   43.13905   11.25032    0.00000  107.62550
  596  319.86823   43.22790   11.25032    0.00000  107.62550
  597  319.86823   43.31676   11.25032    0.00000  107.62550
  598  319.86823   43.40561   11.25032    0.00000  107.62550
  599  319.86823   43.49446   11.25032    0.00000  107.62550
  600  319.86823   43.58331   11.25032    0.00000  107.62550
  601  319.86823   43.67216   11.25032    0.00000  107.62550
  602  319.86823   43.76102   11.25032    0.00000  107.62550
  603  319.86823   43.84987   11.25032    0.00000  107.62550
  604  319.86823   43.93872   11.25032    0.00000  107.62550
  605  319.86823   44.02757   11.25032    0.00000  107.62550
  606  319.86823   44.11643   11.25032    0.00000  107.62550
  607  319.86823   44.20528   11.25032    0.00000  107.62550
  608  319.86823   44.29413   11.25032    0.00000  107.62550
  609  319.86823   44.38298   11.25032    0.00000  107.62550
  610  319.86823   44.47184   11.25032    0.00000  107.62550
  611  319.86823   44.56069   11.25032    0.00000  107.62550
  612  319.86823   44.64954   11.25032    0.00000  107.62550
  613  319.86823   44.73839   11.25032    0.00000  107.62550
  614  319.86823   44.82724   11.25032    0.00000  107.62550
  615  319.86823   44.91610   11.25032    0.00000  107.62550
  616  319.86823   45.00495   11.25032    0.00000  107.62550
  617  319.86823   45.09380   11.25032    0.00000  107.62550
  618  319.86823   45.18265   11.25032    0.00000  107.62550
  619  319.86823   45.27151   19.91544    0.00000  190.51980
  620  319.86823   45.36036   19.91544    0.00000  190.51980
  621  319.86823   45.44921   19.91544    0.00000  190.51980
  622  319.86823   45.53806   19.91544    0.00000  190.51980
  623  319.86823   45.62692   19.91544    0.00000  190.51980
  624  319.86823   45.71577   19.91544    0.00000  190.51980
  625  319.86823   45.80462   19.91544    0.00000  190.51980
  626  319.86823   45.89347   19.91544    0.00000  190.51980
  627  319.86823   45.98232   19.91544    0.00000  190.51980
  628  319.86823   46.07118   19.91544    0.00000  190.51980
  629  319.86823   46.16003   19.91544    0.00000  190.51980
  630  319.86823   46.24888   19.91544    0.00000  190.51980
  631  319.86823   46.33773   19.91544    0.00000  190.51980
  632  319.86823   46.42659   19.91544    0.00000  190.51980
  633  319.86823   46.51544   11.25032    0.00000  107.62550
  634  319.86823   46.60429   11.25032    0.00000  107.62550
  635  319.86823   46.69314   11.25032    0.00000  107.62550
  636  319.86823   46.78199   11.25032    0.00000  107.62550
  637  319.86823   46.87085   11.25032    0.00000  107.62550
  638  319.86823   46.95970   11.25032    0.00000  107.62550
  639  319.86823   47.04855   11.25032    0.00000  107.62550
  640  319.86823   47.13740   11.25032    0.00000  107.62550
  641  319.86823   47.22626   11.25032    0.00000  107.62550
  642  319.86823   47.31511   11.25032    0.00000  107.62550
  643  319.86823   47.40396   11.25032    0.00000  107.62550
  644  319.86823   47.49281   11.25032    0.00000  107.62550
  645  319.86823   47.58167   11.25032    0.00000  107.62550
  646  319.86823   47.67052   11.25032    0.00000  107.62550
  647  319.86823   47.75937   11.25032    0.00000  107.62550
  648  319.86823   47.84822   11.25032    0.00000  107.62550
  649  319.86823   47.93707   11.25032    0.00000  107.62550
  650  319.86823   48.02593   11.25032    0.00000  107.62550
  651  319.86823   48.11478   11.25032    0.00000  107.62550
  652  319.86823   48.20363   11.25032    0.00000  107.62550
  653  319.86823   48.29248   11.25032    0.00000  107.62550
  654  319.86823   48.38134   11.25032    0.00000  107.62550
  655  319.86823   48.47019   11.25032    0.00000  107.62550
  656  319.86823   48.55904   11.25032    0.00000  107.62550
  657  319.86823   48.64789   11.25032    0.00000  107.62550
  658  319.86823   48.73675   11.25032    0.00000  107.62550
  659  319.86823   48.82560   11.25032    0.00000  107.62550
  660  319.86823   48.91445   11.25032    0.00000  107.62550
  661  319.86823   49.00330   11.25032    0.00000  107.62550
  662  319.86823   49.09215   11.25032    0.00000  107.62550
  663  319.86823   49.18101   11.25032    0.00000  107.62550
  664  319.86823   49.26986   11.25032    0.00000  107.62550
  665  319.86823   49.35871   11.25032    0.00000  107.62550
  666  319.86823   49.44756   11.25032    0.00000  107.62550
  667  319.86823   49.53642   11.25032    0.00000  107.62550
  668  319.86823   49.62527   11.25032    0.00000  107.62550
  669  319.86823   49.71412   11.25032    0.00000  107.62550
  670  319.86823   49.80297   11.25032    0.00000  107.62550
  671  319.86823   49.89182   11.25032    0.00000  107.62550
  672  319.86823   49.98068   11.25032    0.00000  107.62550
  673  319.86823   50.06953   11.25032    0.00000  107.62550
  674  319.86823   50.15838   11.25032    0.00000  107.62550
  675  319.86823   50.24723   11.25032    0.00000  107.62550
  676  319.86823   50.33609   11.25032    0.00000  107.62550
  677  319.86823   50.42494   11.25032    0.00000  107.62550
  678  319.86823   50.51379   11.25032    0.00000  107.62550
  679  319.86823   50.60264   11.25032    0.00000  107.62550
  680  319.86823   50.69150   11.25032    0.00000  107.62550
  681  319.86823   50.78035   11.25032    0.00000  107.62550
  682  319.86823   50.86920   11.25032    0.00000  107.62550
  683  319.86823   50.95805   11.25032    0.00000  107.62550
  684  319.86823   51.04690   11.25032    0.00000  107.62550
  685  319.86823   51.13576   11.25032    0.00000  107.62550
  686  319.86823   51.22461   11.25032    0.00000  107.62550
  687  319.86823   51.31346   11.25032    0.00000  107.62550
  688  319.86823   51.40231   11.25032    0.00000  107.62550
  689  319.86823   51.49117   11.25032    0.00000  107.62550
  690  319.86823   51.58002   11.25032    0.00000  107.62550
  691  319.86823   51.66887   11.25032    0.00000  107.62550
  692  319.86823   51.75772   11.25032    0.00000  107.62550
  693  319.86823   51.84658   11.25032    0.00000  107.62550
  694  319.86823   51.93543   11.25032    0.00000  107.62550
  695  319.86823   52.02428   11.25032    0.00000  107.62550
  696  319.86823   52.11313   11.25032    0.00000  107.62550
  697  319.86823   52.20198   11.25032    0.00000  107.62550
  698  319.86823   52.29084   11.25032    0.00000  107.62550
  699  319.86823   52.37969   11.25032    0.00000  107.62550
  700  319.86823   52.46854   11.25032    0.00000  107.62550
  701  319.86823   52.55739   11.25032    0.00000  107.62550
  702  319.86823   52.64625   11.25032    0.00000  107.62550
  703  319.86823   52.73510   11.25032    0.00000  107.62550
  704  319.86823   52.82395   11.25032    0.00000  107.62550
  705  319.86823   52.91280   11.25032    0.00000  107.62550
  706  319.86823   53.00165   11.25032    0.00000  107.62550
  707  319.86823   53.09051   11.25032    0.00000  107.62550
  708  319.86823   53.17936   11.25032    0.00000  107.62550
  709  319.86823   53.26821   11.25032    0.00000  107.62550
  710  319.86823   53.35706   11.25032    0.00000  107.62550
  711  319.86823   53.44592   11.25032    0.00000  107.62550
  712  319.86823   53.53477   11.25032    0.00000  107.62550
  713  319.86823   53.62362   11.25032    0.00000  107.62550
  714  319.86823   53.71247   11.25032    0.00000  107.62550
  715  319.86823   53.80133   11.25032    0.00000  107.62550
  716  319.86823   53.89018   11.25032    0.00000  107.62550
  717  319.86823   53.97903   11.25032    0.00000  107.62550
  718  319.86823   54.06788   11.25032    0.00000  107.62550
  719  319.86823   54.15673   11.25032    0.00000  107.62550
  720  319.86823   54.24559   11.25032    0.00000  107.62550
  721  319.86823   54.33444   11.25032    0.00000  107.62550
  722  319.86823   54.42329   11.25032    0.00000  107.62550
  723  319.86823   54.51214   11.25032    0.00000  107.62550
  724  319.86823   54.60100   11.25032    0.00000  107.62550
  725  319.86823   54.68985   11.25032    0.00000  107.62550
  726  319.86823   54.77870   11.25032    0.00000  107.62550
  727  319.86823   54.86755   11.25032    0.00000  107.62550
  728  319.86823   54.95641   11.25032    0.00000  107.62550
  729  319.86823   55.04526   11.25032    0.00000  107.62550
  730  319.86823   55.13411   11.25032    0.00000  107.62550
  731  319.86823   55.22296   11.25032    0.00000  107.62550
  732  319.86823   55.31181   11.25032    0.00000  107.62550
  733  319.86823   55.40067   11.25032    0.00000  107.62550
  734  319.86823   55.48952   11.25032    0.00000  107.62550
  735  319.86823   55.57837   11.25032    0.00000  107.62550
  736  319.86823   55.66722   11.25032    0.00000  107.62550
  737  319.86823   55.75608   11.25032    0.00000  107.62550
  738  319.86823   55.84493   11.25032    0.00000  107.62550
  739  319.86823   55.93378   11.25032    0.00000  107.62550
  740  319.86823   56.02263   11.25032    0.00000  107.62550
  741  319.86823   56.11148   11.25032    0.00000  107.62550
  742  319.86823   56.20034   11.25032    0.00000  107.62550
  743  319.86823   56.28919   11.25032    0.00000  107.62550
  744  319.86823   56.37804   11.25032    0.00000  107.62550
  745  319.86823   56.46689   11.25032    0.00000  107.62550
  746  319.86823   56.55575   11.25032    0.00000  107.62550
  747  319.86823   56.64460   11.25032    0.00000  107.62550
  748  319.86823   56.73345   11.25032    0.00000  107.62550
  749  319.86823   56.82230   11.25032    0.00000  107.62550
  750  319.86823   56.91116   11.25032    0.00000  107.62550
  751  319.86823   57.00001   11.25032    0.00000  107.62550
  752  319.86823   57.08886   11.25032    0.00000  107.62550
  753  319.86823   57.17771   11.25032    0.00000  107.62550
  754  319.86823   57.26656   11.25032    0.00000  107.62550
  755  319.86823   57.35542   11.25032    0.00000  107.62550
  756  319.86823   57.44427   11.25032    0.00000  107.62550
  757  319.86823   57.53312   11.25032    0.00000  107.62550
  758  319.86823   57.62197   11.25032    0.00000  107.62550
  759  319.86823   57.71083   11.25032    0.00000  107.62550
  760  319.86823   57.79968   11.25032    0.00000  107.62550
  761  319.86823   57.88853   11.25032    0.00000  107.62550
  762  319.86823   57.97738   11.25032    0.00000  107.62550
  763  319.86823   58.06624   11.25032    0.00000  107.62550
  764  319.86823   58.15509   11.25032    0.00000  107.62550
  765  319.86823   58.24394   11.25032    0.00000  107.62550
  766  319.86823   58.33279   11.25032    0.00000  107.62550
  767  319.86823   58.42164   11.25032    0.00000  107.62550
  768  319.86823   58.51050   11.25032    0.00000  107.62550
  769  319.86823   58.59935   11.25032    0.00000  107.62550
  770  319.86823   58.68820   11.25032    0.00000  107.62550
  771  319.86823   58.77705   11.25032    0.00000  107.62550
  772  319.86823   58.86591   11.25032    0.00000  107.62550
  773  319.86823   58.95476   11.25032    0.00000  107.62550
  774  319.86823   59.04361   11.25032    0.00000  107.62550
  775  319.86823   59.13246   11.25032    0.00000  107.62550
  776  319.86823   59.22131   11.25032    0.00000  107.62550
  777  319.86823   59.31017   11.25032    0.00000  107.62550
  778  319.86823   59.39902   11.25032    0.00000  107.62550
  779  319.86823   59.48787   11.25032    0.00000  107.62550
  780  319.86823   59.57672   11.25032    0.00000  107.62550
  781  319.86823   59.66558   11.25032    0.00000  107.62550
  782  319.86823   59.75443   11.25032    0.00000  107.62550
  783  319.86823   59.84328   11.25032    0.00000  107.62550
  784  319.86823   59.93213   11.25032    0.00000  107.62550
  785  319.86823   60.02099   11.25032    0.00000  107.62550
  786  319.86823   60.10984   11.25032    0.00000  107.62550
  787  319.86823   60.19869   11.25032    0.00000  107.62550
  788  319.86823   60.28754   11.25032    0.00000  107.62550
  789  319.86823   60.37639   11.25032    0.00000  107.62550
  790  319.86823   60.46525   11.25032    0.00000  107.62550
  791  319.86823   60.55410   11.25032    0.00000  107.62550
  792  319.86823   60.64295   11.25032    0.00000  107.62550
  793  319.86823   60.73180   11.25032    0.00000  107.62550
  794  319.86823   60.82066   11.25032    0.00000  107.62550
  795  319.86823   60.90951   11.25032    0.00000  107.62550
  796  319.86823   60.99836   11.25032    0.00000  107.62550
  797  319.86823   61.08721   11.25032    0.00000  107.62550
  798  319.86823   61.17607   11.25032    0.00000  107.62550
  799  319.86823   61.26492   11.25032    0.00000  107.62550
  800  319.86823   61.35377   11.25032    0.00000  107.62550
  801  319.86823   61.44262   11.25032    0.00000  107.62550
  802  319.86823   61.53147   11.25032    0.00000  107.62550
  803  319.86823   61.62033   11.25032    0.00000  107.62550
  804  319.86823   61.70918   11.25032    0.00000  107.62550
  805  319.86823   61.79803   11.25032    0.00000  107.62550
  806  319.86823   61.88688   11.25032    0.00000  107.62550
  807  319.86823   61.97574   11.25032    0.00000  107.62550
  808  319.86823   62.06459   11.25032    0.00000  107.62550
  809  319.86823   62.15344   11.25032    0.00000  107.62550
  810  319.86823   62.24229   11.25032    0.00000  107.62550
  811  319.86823   62.33114   11.25032    0.00000  107.62550
  812  319.86823   62.42000   11.25032    0.00000  107.62550
  813  319.86823   62.50885   11.25032    0.00000  107.62550
  814  319.86823   62.59770   11.25032    0.00000  107.62550
  815  319.86823   62.68655   11.25032    0.00000  107.62550
  816  319.86823   62.77541   11.25032    0.00000  107.62550
  817  319.86823   62.86426   11.25032    0.00000  107.62550
  818  319.86823   62.95311   11.25032    0.00000  107.62550
  819  319.86823   63.04196   11.25032    0.00000  107.62550
  820  319.86823   63.13082   11.25032    0.00000  107.62550
  821  319.86823   63.21967   11.25032    0.00000  107.62550
  822  319.86823   63.30852   11.25032    0.00000  107.62550
  823  319.86823   63.39737   11.25032    0.00000  107.62550
  824  319.86823   63.48622   11.25032    0.00000  107.62550
  825  319.86823   63.57508   11.25032    0.00000  107.62550
  826  319.86823   63.66393   11.25032    0.00000  107.62550
  827  319.86823   63.75278   11.25032    0.00000  107.62550
  828  319.86823   63.84163   11.25032    0.00000  107.62550
  829  319.86823   63.93049   11.25032    0.00000  107.62550
  830  319.86823   64.01934   11.25032    0.00000  107.62550
  831  319.86823   64.10819   11.25032    0.00000  107.62550
  832  319.86823   64.19704   11.25032    0.00000  107.62550
  833  319.86823   64.28590   11.25032    0.00000  107.62550
  834  319.86823   64.37475   11.25032    0.00000  107.62550
  835  319.86823   64.46360   11.25032    0.00000  107.62550
  836  319.86823   64.55245   11.25032    0.00000  107.62550
  837  319.86823   64.64130   11.25032    0.00000  107.62550
  838  319.86823   64.73016   11.25032    0.00000  107.62550
  839  319.86823   64.81901   11.25032    0.00000  107.62550
  840  319.86823   64.90786   11.25032    0.00000  107.62550
  841  319.86823   64.99671   11.25032    0.00000  107.62550
  842  319.86823   65.08557   11.25032    0.00000  107.62550
  843  319.86823   65.17442   11.25032    0.00000  107.62550
  844  319.86823   65.26327   11.25032    0.00000  107.62550
  845  319.86823   65.35212   11.25032    0.00000  107.62550
  846  319.86823   65.44097   11.25032    0.00000  107.62550
  847  319.86823   65.52983   11.25032    0.00000  107.62550
  848  319.86823   65.61868   11.25032    0.00000  107.62550
  849  319.86823   65.70753   11.25032    0.00000  107.62550
  850  319.86823   65.79638   11.25032    0.00000  107.62550
  851  319.86823   65.88524   11.25032    0.00000  107.62550
  852  319.86823   65.97409   11.25032    0.00000  107.62550
  853  319.86823   66.06294   11.25032    0.00000  107.62550
  854  319.86823   66.15179   11.25032    0.00000  107.62550
  855  319.86823   66.24065   11.25032    0.00000  107.62550
  856  319.86823   66.32950   11.25032    0.00000  107.62550
  857  319.86823   66.41835   11.25032    0.00000  107.62550
  858  319.86823   66.50720   11.25032    0.00000  107.62550
  859  319.86823   66.59605   11.25032    0.00000  107.62550
  860  319.86823   66.68491   11.25032    0.00000  107.62550
  861  319.86823   66.77376   11.25032    0.00000  107.62550
  862  319.86823   66.86261   11.25032    0.00000  107.62550
  863  319.86823   66.95146   11.25032    0.00000  107.62550
  864  319.86823   67.04032   11.25032    0.00000  107.62550
  865  319.86823   67.12917   11.25032    0.00000  107.62550
  866  319.86823   67.21802   11.25032    0.00000  107.62550
  867  319.86823   67.30687   11.25032    0.00000  107.62550
  868  319.86823   67.39573   11.25032    0.00000  107.62550
  869  319.86823   67.48458   11.25032    0.00000  107.62550
  870  319.86823   67.57343   11.25032    0.00000  107.62550
  871  319.86823   67.66228   11.25032    0.00000  107.62550
  872  319.86823   67.75113   11.25032    0.00000  107.62550
  873  319.86823   67.83999   11.25032    0.00000  107.62550
  874  319.86823   67.92884   11.25032    0.00000  107.62550
  875  319.86823   68.01769   11.25032    0.00000  107.62550
  876  319.86823   68.10654   11.25032    0.00000  107.62550
  877  319.86823   68.19540   11.25032    0.00000  107.62550
  878  319.86823   68.28425   11.25032    0.00000  107.62550
  879  319.86823   68.37310   11.25032    0.00000  107.62550
  880  319.86823   68.46195   11.25032    0.00000  107.62550
  881  319.86823   68.55080   11.25032    0.00000  107.62550
  882  319.86823   68.63966   11.25032    0.00000  107.62550
  883  319.86823   68.72851   11.25032    0.00000  107.62550
  884  319.86823   68.81736   11.25032    0.00000  107.62550
  885  319.86823   68.90621   11.25032    0.00000  107.62550
  886  319.86823   68.99507   11.25032    0.00000  107.62550
  887  319.86823   69.08392   11.25032    0.00000  107.62550
  888  319.86823   69.17277   11.25032    0.00000  107.62550
  889  319.86823   69.26162   11.25032    0.00000  107.62550
  890  319.86823   69.35048   11.25032    0.00000  107.62550
  891  319.86823   69.43933   11.25032    0.00000  107.62550
  892  319.86823   69.52818   11.25032    0.00000  107.62550
  893  319.86823   69.61703   11.25032    0.00000  107.62550
  894  319.86823   69.70588   11.25032    0.00000  107.62550
  895  319.86823   69.79474   11.25032    0.00000  107.62550
  896  319.86823   69.88359   11.25032    0.00000  107.62550
  897  319.86823   69.97244   11.25032    0.00000  107.62550
  898  319.86823   70.06129   11.25032    0.00000  107.62550
  899  319.86823   70.15015   11.25032    0.00000  107.62550
  900  319.86823   70.23900   11.25032    0.00000  107.62550
  901  319.86823   70.32785   11.25032    0.00000  107.62550
  902  319.86823   70.41670   11.25032    0.00000  107.62550
  903  319.86823   70.50556   11.25032    0.00000  107.62550
  904  319.86823   70.59441   11.25032    0.00000  107.62550
  905  319.86823   70.68326   11.25032    0.00000  107.62550
  906  319.86823   70.77211   11.25032    0.00000  107.62550
  907  319.86823   70.86096   11.25032    0.00000  107.62550
  908  319.86823   70.94982   11.25032    0.00000  107.62550
  909  319.86823   71.03867   11.25032    0.00000  107.62550
  910  319.86823   71.12752   11.25032    0.00000  107.62550
  911  319.86823   71.21637   11.25032    0.00000  107.62550
  912  319.86823   71.30523   11.25032    0.00000  107.62550
  913  319.86823   71.39408   11.25032    0.00000  107.62550
  914  319.86823   71.48293   11.25032    0.00000  107.62550
  915  319.86823   71.57178   11.25032    0.00000  107.62550
  916  319.86823   71.66064   11.25032    0.00000  107.62550
  917  319.86823   71.74949   11.25032    0.00000  107.62550
  918  319.86823   71.83834   11.25032    0.00000  107.62550
  919  319.86823   71.92719   11.25032    0.00000  107.62550
  920  319.86823   72.01604   11.25032    0.00000  107.62550
  921  319.86823   72.10490   11.25032    0.00000  107.62550
  922  319.86823   72.19375   11.25032    0.00000  107.62550
  923  319.86823   72.28260   11.25032    0.00000  107.62550
  924  319.86823   72.37145   11.25032    0.00000  107.62550
  925  319.86823   72.46031   11.25032    0.00000  107.62550
  926  319.86823   72.54916   11.25032    0.00000  107.62550
  927  319.86823   72.63801   11.25032    0.00000  107.62550
  928  319.86823   72.72686   11.25032    0.00000  107.62550
  929  319.86823   72.81571   11.25032    0.00000  107.62550
  930  319.86823   72.90457   11.25032    0.00000  107.62550
  931  319.86823   72.99342   11.25032    0.00000  107.62550
  932  319.86823   73.08227   11.25032    0.00000  107.62550
  933  319.86823   73.17112   11.25032    0.00000  107.62550
  934  319.86823   73.25998   11.25032    0.00000  107.62550
  935  319.86823   73.34883   11.25032    0.00000  107.62550
  936  319.86823   73.43768   11.25032    0.00000  107.62550
  937  319.86823   73.52653   11.25032    0.00000  107.62550
  938  319.86823   73.61539   11.25032    0.00000  107.62550
  939  319.86823   73.70424   11.25032    0.00000  107.62550
  940  319.86823   73.79309   11.25032    0.00000  107.62550
  941  319.86823   73.88194   11.25032    0.00000  107.62550
  942  319.86823   73.97079   11.25032    0.00000  107.62550
  943  319.86823   74.05965   11.25032    0.00000  107.62550
  944  319.86823   74.14850   11.25032    0.00000  107.62550
  945  319.86823   74.23735   11.25032    0.00000  107.62550
  946  319.86823   74.32620   11.25032    0.00000  107.62550
  947  319.86823   74.41506   11.25032    0.00000  107.62550
  948  319.86823   74.50391   11.25032    0.00000  107.62550
  949  319.86823   74.59276   11.25032    0.00000  107.62550
  950  319.86823   74.68161   11.25032    0.00000  107.62550
  951  319.86823   74.77047   11.25032    0.00000  107.62550
  952  319.86823   74.85932   11.25032    0.00000  107.62550
  953  319.86823   74.94817   11.25032    0.00000  107.62550
  954  319.86823   75.03702   11.25032    0.00000  107.62550
  955  319.86823   75.12587   11.25032    0.00000  107.62550
  956  319.86823   75.21473   11.25032    0.00000  107.62550
  957  319.86823   75.30358   11.25032    0.00000  107.62550
  958  319.86823   75.39243   11.25032    0.00000  107.62550
  959  319.86823   75.48128   11.25032    0.00000  107.62550
  960  319.86823   75.57014   11.25032    0.00000  107.62550
  961  319.86823   75.65899   11.25032    0.00000  107.62550
  962  319.86823   75.74784   11.25032    0.00000  107.62550
  963  319.86823   75.83669   11.25032    0.00000  107.62550
  964  319.86823   75.92554   11.25032    0.00000  107.62550
  965  319.86823   76.01440   11.25032    0.00000  107.62550
  966  319.86823   76.10325   11.25032    0.00000  107.62550
  967  319.86823   76.19210   11.25032    0.00000  107.62550
  968  319.86823   76.28095   11.25032    0.00000  107.62550
  969  319.86823   76.36981   11.25032    0.00000  107.62550
  970  319.86823   76.45866   11.25032    0.00000  107.62550
  971  319.86823   76.54751   11.25032    0.00000  107.62550
  972  319.86823   76.63636   11.25032    0.00000  107.62550
  973  319.86823   76.72522   11.25032    0.00000  107.62550
  974  319.86823   76.81407   11.25032    0.00000  107.62550
  975  319.86823   76.90292   11.25032    0.00000  107.62550
  976  319.86823   76.99177   11.25032    0.00000  107.62550
  977  319.86823   77.08062   11.25032    0.00000  107.62550
  978  319.86823   77.16948   11.25032    0.00000  107.62550
  979  319.86823   77.25833   11.25032    0.00000  107.62550
  980  319.86823   77.34718   11.25032    0.00000  107.62550
  981  319.86823   77.43603   11.25032    0.00000  107.62550
  982  319.86823   77.52489   11.25032    0.00000  107.62550
  983  319.86823   77.61374   11.25032    0.00000  107.62550
  984  319.86823   77.70259   11.25032    0.00000  107.62550
  985  319.86823   77.79144   11.25032    0.00000  107.62550
  986  319.86823   77.88030   11.25032    0.00000  107.62550
  987  319.86823   77.96915   11.25032    0.00000  107.62550
  988  319.86823   78.05800   11.25032    0.00000  107.62550
  989  319.86823   78.14685   11.25032    0.00000  107.62550
  990  319.86823   78.23570   11.25032    0.00000  107.62550
  991  319.86823   78.32456   11.25032    0.00000  107.62550
  992  319.86823   78.41341   11.25032    0.00000  107.62550
  993  319.86823   78.50226   11.25032    0.00000  107.62550
  994  319.86823   78.59111   11.25032    0.00000  107.62550
  995  319.86823   78.67997   11.25032    0.00000  107.62550
  996  319.86823   78.76882   11.25032    0.00000  107.62550
  997  319.86823   78.85767   11.25032    0.00000  107.62550
  998  319.86823   78.94652   11.25032    0.00000  107.62550
  999  319.86823   79.03537   11.25032    0.00000  107.62550
 1000  319.86823   79.12423   11.25032    0.00000  107.62550
 1001  319.39916   79.21301    0.00000   -0.13030    0.00000
 1002  318.93127   79.30167    0.00000   -0.12997    0.00000
 1003  318.46455   79.39020    0.00000   -0.12964    0.00000
 1004  317.99900   79.47860    0.00000   -0.12932    0.00000
 1005  317.53462   79.56686    0.00000   -0.12900    0.00000
 1006  317.07139   79.65500    0.00000   -0.12867    0.00000
 1007  316.60932   79.74302    0.00000   -0.12835    0.00000
 1008  316.14841   79.83090    0.00000   -0.12803    0.00000
 1009  315.68864   79.91865    0.00000   -0.12771    0.00000
 1010  315.23001   80.00628    0.00000   -0.12740    0.00000
 1011  314.77252   80.09378    0.00000   -0.12708    0.00000
 1012  314.31617   80.18116    0.00000   -0.12676    0.00000
 1013  313.86094   80.26840    0.00000   -0.12645    0.00000
 1014  313.40685   80.35552    0.00000   -0.12614    0.00000
 1015  312.95387   80.44252    0.00000   -0.12583    0.00000
 1016  312.50201   80.52939    0.00000   -0.12552    0.00000
 1017  312.05127   80.61613    0.00000   -0.12521    0.00000
 1018  311.60163   80.70275    0.00000   -0.12490    0.00000
 1019  311.15310   80.78924    0.00000   -0.12459    0.00000
 1020  310.70568   80.87561    0.00000   -0.12429    0.00000
 1021  310.25935   80.96186    0.00000   -0.12398    0.00000
 1022  309.81411   81.04798    0.00000   -0.12368    0.00000
 1023  309.36996   81.13398    0.00000   -0.12337    0.00000
 1024  308.92690   81.21985    0.00000   -0.12307    0.00000
 1025  308.48492   81.30560    0.00000   -0.12277    0.00000
 1026  308.04401   81.39123    0.00000   -0.12247    0.00000
 1027  307.60418   81.47674    0.00000   -0.12218    0.00000
 1028  307.16542   81.56212    0.00000   -0.12188    0.00000
 1029  306.72772   81.64738    0.00000   -0.12158    0.00000
 1030  306.29109   81.73253    0.00000   -0.12129    0.00000
 1031  305.85551   81.81755    0.00000   -0.12099    0.00000
 1032  305.42099   81.90245    0.00000   -0.12070    0.00000
 1033  304.98751   81.98722    0.00000   -0.12041    0.00000
 1034  304.55509   82.07188    0.00000   -0.12012    0.00000
 1035  304.12370   82.15642    0.00000   -0.11983    0.00000
 1036  303.69336   82.24084    0.00000   -0.11954    0.00000
 1037  303.26404   82.32514    0.00000   -0.11925    0.00000
 1038  302.83577   82.40932    0.00000   -0.11897    0.00000
 1039  302.40851   82.49338    0.00000   -0.11868    0.00000
 1040  301.98229   82.57733    0.00000   -0.11840    0.00000
 1041  301.55708   82.66115    0.00000   -0.11811    0.00000
 1042  301.13289   82.74486    0.00000   -0.11783    0.00000
 1043  300.70971   82.82845    0.00000   -0.11755    0.00000
 1044  300.28754   82.91192    0.00000   -0.11727    0.00000
 1045  299.86637   82.99527    0.00000   -0.11699    0.00000
 1046  299.44621   83.07851    0.00000   -0.11671    0.00000
 1047  299.02705   83.16163    0.00000   -0.11643    0.00000
 1048  298.60888   83.24464    0.00000   -0.11616    0.00000
 1049  298.19170   83.32753    0.00000   -0.11588    0.00000
 1050  297.77551   83.41030    0.00000   -0.11561    0.00000
 1051  297.36030   83.49296    0.00000   -0.11533    0.00000
 1052  296.94608   83.57550    0.00000   -0.11506    0.00000
 1053  296.53283   83.65793    0.00000   -0.11479    0.00000
 1054  296.12056   83.74024    0.00000   -0.11452    0.00000
 1055  295.70925   83.82244    0.00000   -0.11425    0.00000
 1056  295.29892   83.90452    0.00000   -0.11398    0.00000
 1057  294.88954   83.98650    0.00000   -0.11371    0.00000
 1058  294.48113   84.06835    0.00000   -0.11345    0.00000
 1059  294.07368   84.15010    0.00000   -0.11318    0.00000
 1060  293.66717   84.23173    0.00000   -0.11292    0.00000
 1061  293.26162   84.31324    0.00000   -0.11265    0.00000
 1062  292.85701   84.39465    0.00000   -0.11239    0.00000
 1063  292.45335   84.47594    0.00000   -0.11213    0.00000
 1064  292.05063   84.55712    0.00000   -0.11187    0.00000
 1065  291.64884   84.63819    0.00000   -0.11161    0.00000
 1066  291.24799   84.71915    0.00000   -0.11135    0.00000
 1067  290.84807   84.80000    0.00000   -0.11109    0.00000
 1068  290.44907   84.88073    0.00000   -0.11083    0.00000
 1069  290.05100   84.96136    0.00000   -0.11058    0.00000
 1070  289.65385   85.04187    0.00000   -0.11032    0.00000
 1071  289.25762   85.12228    0.00000   -0.11006    0.00000
 1072  288.86230   85.20257    0.00000   -0.10981    0.00000
 1073  288.46789   85.28276    0.00000   -0.10956    0.00000
 1074  288.07439   85.36283    0.00000   -0.10931    0.00000
 1075  287.68180   85.44280    0.00000   -0.10905    0.00000
 1076  287.29011   85.52266    0.00000   -0.10880    0.00000
 1077  286.89931   85.60240    0.00000   -0.10855    0.00000
 1078  286.50941   85.68204    0.00000   -0.10831    0.00000
 1079  286.12040   85.76158    0.00000   -0.10806    0.00000
 1080  285.73229   85.84100    0.00000   -0.10781    0.00000
 1081  285.34506   85.92032    0.00000   -0.10756    0.00000
 1082  284.95871   85.99953    0.00000   -0.10732    0.00000
 1083  284.57324   86.07863    0.00000   -0.10707    0.00000
 1084  284.18865   86.15762    0.00000   -0.10683    0.00000
 1085  283.80493   86.23651    0.00000   -0.10659    0.00000
 1086  283.42209   86.31529    0.00000   -0.10635    0.00000
 1087  283.04011   86.39397    0.00000   -0.10610    0.00000
 1088  282.65900   86.47254    0.00000   -0.10586    0.00000
 1089  282.27875   86.55100    0.00000   -0.10562    0.00000
 1090  281.89936   86.62936    0.00000   -0.10539    0.00000
 1091  281.52082   86.70761    0.00000   -0.10515    0.00000
 1092  281.14314   86.78576    0.00000   -0.10491    0.00000
 1093  280.76632   86.86380    0.00000   -0.10467    0.00000
 1094  280.39033   86.94174    0.00000   -0.10444    0.00000
 1095  280.01520   87.01957    0.00000   -0.10420    0.00000
 1096  279.64090   87.09730    0.00000   -0.10397    0.00000
 1097  279.26745   87.17493    0.00000   -0.10374    0.00000
 1098  278.89483   87.25245    0.00000   -0.10351    0.00000
 1099  278.52304   87.32987    0.00000   -0.10327    0.00000
 1100  278.15209   87.40719    0.00000   -0.10304    0.00000
 1101  277.78196   87.48440    0.00000   -0.10281    0.00000
 1102  277.41266   87.56151    0.00000   -0.10258    0.00000
 1103  277.04418   87.63852    0.00000   -0.10236    0.00000
 1104  276.67653   87.71542    0.00000   -0.10213    0.00000
 1105  276.30968   87.79223    0.00000   -0.10190    0.00000
 1106  275.94366   87.86893    0.00000   -0.10167    0.00000
 1107  275.57844   87.94553    0.00000   -0.10145    0.00000
 1108  275.21403   88.02203    0.00000   -0.10122    0.00000
 1109  274.53188   88.09838    0.00000   -0.18949    0.00000
 1110  273.85124   88.17455    0.00000   -0.18907    0.00000
 1111  273.17210   88.25052    0.00000   -0.18865    0.00000
 1112  272.49445   88.32631    0.00000   -0.18824    0.00000
 1113  271.81828   88.40191    0.00000   -0.18782    0.00000
 1114  271.14360   88.47732    0.00000   -0.18741    0.00000
 1115  270.47040   88.55254    0.00000   -0.18700    0.00000
 1116  269.79866   88.62758    0.00000   -0.18659    0.00000
 1117  269.12838   88.70243    0.00000   -0.18619    0.00000
 1118  268.45956   88.77710    0.00000   -0.18578    0.00000
 1119  267.79219   88.85158    0.00000   -0.18538    0.00000
 1120  267.12626   88.92587    0.00000   -0.18498    0.00000
 1121  266.46178   88.99998    0.00000   -0.18458    0.00000
 1122  265.79872   89.07391    0.00000   -0.18418    0.00000
 1123  265.13709   89.14765    0.00000   -0.18379    0.00000
 1124  264.47687   89.22120    0.00000   -0.18339    0.00000
 1125  263.81808   89.29458    0.00000   -0.18300    0.00000
 1126  263.16068   89.36777    0.00000   -0.18261    0.00000
 1127  262.50469   89.44078    0.00000   -0.18222    0.00000
 1128  261.85010   89.51361    0.00000   -0.18183    0.00000
 1129  261.19689   89.58625    0.00000   -0.18145    0.00000
 1130  260.54507   89.65872    0.00000   -0.18106    0.00000
 1131  260.21318   89.73104    0.00000   -0.09219    0.00000
 1132  259.88199   89.80328    0.00000   -0.09200    0.00000
 1133  259.55150   89.87542    0.00000   -0.09180    0.00000
 1134  259.22170   89.94747    0.00000   -0.09161    0.00000
 1135  258.89260   90.01943    0.00000   -0.09142    0.00000
 1136  258.56419   90.09130    0.00000   -0.09123    0.00000
 1137  258.23646   90.16308    0.00000   -0.09103    0.00000
 1138  257.90943   90.23477    0.00000   -0.09084    0.00000
 1139  257.58308   90.30636    0.00000   -0.09065    0.00000
 1140  257.25741   90.37787    0.00000   -0.09046    0.00000
 1141  256.93243   90.44928    0.00000   -0.09027    0.00000
 1142  256.60812   90.52061    0.00000   -0.09009    0.00000
 1143  256.28449   90.59185    0.00000   -0.08990    0.00000
 1144  255.96154   90.66299    0.00000   -0.08971    0.00000
 1145  255.63926   90.73405    0.00000   -0.08952    0.00000
 1146  255.31764   90.80501    0.00000   -0.08934    0.00000
 1147  254.99670   90.87589    0.00000   -0.08915    0.00000
 1148  254.67642   90.94668    0.00000   -0.08897    0.00000
 1149  254.35681   91.01738    0.00000   -0.08878    0.00000
 1150  254.03786   91.08799    0.00000   -0.08860    0.00000
 1151  253.71956   91.15851    0.00000   -0.08841    0.00000
 1152  253.40193   91.22894    0.00000   -0.08823    0.00000
 1153  253.08495   91.29929    0.00000   -0.08805    0.00000
 1154  252.76863   91.36954    0.00000   -0.08787    0.00000
 1155  252.45296   91.43971    0.00000   -0.08769    0.00000
 1156  252.13793   91.50980    0.00000   -0.08751    0.00000
 1157  251.82356   91.57979    0.00000   -0.08733    0.00000
 1158  251.50983   91.64970    0.00000   -0.08715    0.00000
 1159  251.19675   91.71952    0.00000   -0.08697    0.00000
 1160  250.88430   91.78925    0.00000   -0.08679    0.00000
 1161  250.57250   91.85890    0.00000   -0.08661    0.00000
 1162  250.26133   91.92846    0.00000   -0.08643    0.00000
 1163  249.95080   91.99793    0.00000   -0.08626    0.00000
 1164  249.64091   92.06732    0.00000   -0.08608    0.00000
 1165  249.33164   92.13662    0.00000   -0.08591    0.00000
 1166  249.02301   92.20584    0.00000   -0.08573    0.00000
 1167  248.71501   92.27497    0.00000   -0.08556    0.00000
 1168  248.40763   92.34401    0.00000   -0.08538    0.00000
 1169  248.10087   92.41297    0.00000   -0.08521    0.00000
 1170  247.79474   92.48185    0.00000   -0.08504    0.00000
 1171  247.48923   92.55064    0.00000   -0.08486    0.00000
 1172  247.18433   92.61934    0.00000   -0.08469    0.00000
 1173  246.88006   92.68796    0.00000   -0.08452    0.00000
 1174  246.57640   92.75650    0.00000   -0.08435    0.00000
 1175  246.27335   92.82495    0.00000   -0.08418    0.00000
 1176  245.97091   92.89332    0.00000   -0.08401    0.00000
 1177  245.66908   92.96160    0.00000   -0.08384    0.00000
 1178  245.36786   93.02980    0.00000   -0.08367    0.00000
 1179  245.06725   93.09792    0.00000   -0.08350    0.00000
 1180  244.76724   93.16595    0.00000   -0.08334    0.00000
 1181  244.46783   93.23390    0.00000   -0.08317    0.00000
 1182  244.16902   93.30176    0.00000   -0.08300    0.00000
 1183  243.87081   93.36955    0.00000   -0.08284    0.00000
 1184  243.57319   93.43725    0.00000   -0.08267    0.00000
 1185  243.27617   93.50487    0.00000   -0.08251    0.00000
 1186  242.97975   93.57240    0.00000   -0.08234    0.00000
 1187  242.68391   93.63985    0.00000   -0.08218    0.00000
 1188  242.38867   93.70723    0.00000   -0.08201    0.00000
 1189  242.09401   93.77451    0.00000   -0.08185    0.00000
 1190  241.79994   93.84172    0.00000   -0.08169    0.00000
 1191  241.50645   93.90885    0.00000   -0.08152    0.00000
 1192  241.21354   93.97589    0.00000   -0.08136    0.00000
 1193  240.92122   94.04286    0.00000   -0.08120    0.00000
 1194  240.62947   94.10974    0.00000   -0.08104    0.00000
 1195  240.33830   94.17654    0.00000   -0.08088    0.00000
 1196  240.04771   94.24326    0.00000   -0.08072    0.00000
 1197  239.75769   94.30990    0.00000   -0.08056    0.00000
 1198  238.85400   94.37637   -0.00962   -0.25102   -0.17062
 1199  237.95209   94.44260   -0.00959   -0.25053   -0.17062
 1200  237.05195   94.50857   -0.00955   -0.25004   -0.17062
 1201  236.15358   94.57429   -0.00951   -0.24955   -0.17062
 1202  235.25695   94.63976   -0.00948   -0.24906   -0.17062
 1203  234.36207   94.70499   -0.00944   -0.24858   -0.17062
 1204  233.46892   94.76997   -0.00941   -0.24810   -0.17062
 1205  232.57750   94.83469   -0.00937   -0.24762   -0.17062
 1206  231.68780   94.89918   -0.00933   -0.24714   -0.17062
 1207  230.79980   94.96341   -0.00930   -0.24667   -0.17062
 1208  229.91350   95.02740   -0.00926   -0.24619   -0.17062
 1209  229.02890   95.09114   -0.00923   -0.24572   -0.17062
 1210  228.14598   95.15464   -0.00919   -0.24526   -0.17062
 1211  227.26473   95.21789   -0.00916   -0.24479   -0.17062
 1212  226.38514   95.28090   -0.00912   -0.24433   -0.17062
 1213  225.50722   95.34366   -0.00908   -0.24387   -0.17062
 1214  224.63094   95.40618   -0.00905   -0.24341   -0.17062
 1215  223.75631   95.46845   -0.00901   -0.24295   -0.17062
 1216  222.88330   95.53049   -0.00898   -0.24250   -0.17062
 1217  222.01193   95.59228   -0.00894   -0.24205   -0.17062
 1218  221.14216   95.65383   -0.00891   -0.24160   -0.17062
 1219  220.27401   95.71513   -0.00887   -0.24115   -0.17062
 1220  219.40746   95.77620   -0.00884   -0.24071   -0.17062
 1221  218.54249   95.83703   -0.00880   -0.24027   -0.17062
 1222  217.67912   95.89761   -0.00877   -0.23983   -0.17062
 1223  216.81731   95.95796   -0.00873   -0.23939   -0.17062
 1224  215.95708   96.01807   -0.00870   -0.23895   -0.17062
 1225  215.09841   96.07794   -0.00867   -0.23852   -0.17062
 1226  214.24129   96.13757   -0.00863   -0.23809   -0.17062
 1227  213.38571   96.19696   -0.00860   -0.23766   -0.17062
 1228  212.53167   96.25612   -0.00856   -0.23723   -0.17062
 1229  211.67916   96.31503   -0.00853   -0.23681   -0.17062
 1230  210.82817   96.37372   -0.00849   -0.23639   -0.17062
 1231  209.97870   96.43216   -0.00846   -0.23597   -0.17062
 1232  209.13073   96.49037   -0.00843   -0.23555   -0.17062
 1233  208.28426   96.54834   -0.00839   -0.23513   -0.17062
 1234  207.43928   96.60608   -0.00836   -0.23472   -0.17062
 1235  206.59579   96.66359   -0.00832   -0.23430   -0.17062
 1236  205.75377   96.72086   -0.00829   -0.23389   -0.17062
 1237  204.91322   96.77790   -0.00826   -0.23349   -0.17062
 1238  204.07414   96.83470   -0.00822   -0.23308   -0.17062
 1239  203.23651   96.89127   -0.00819   -0.23268   -0.17062
 1240  202.40032   96.94761   -0.00815   -0.23227   -0.17062
 1241  201.56558   97.00372   -0.00812   -0.23187   -0.17062
 1242  200.73227   97.05959   -0.00809   -0.23148   -0.17062
 1243  199.90038   97.11523   -0.00805   -0.23108   -0.17062
 1244  199.06992   97.17065   -0.00802   -0.23069   -0.17062
 1245  198.24086   97.22583   -0.00799   -0.23029   -0.17062
 1246  197.41321   97.28078   -0.00795   -0.22990   -0.17062
 1247  196.58696   97.33550   -0.00792   -0.22951   -0.17062
 1248  195.76210   97.39000   -0.00789   -0.22913   -0.17062
 1249  194.93862   97.44426   -0.00785   -0.22874   -0.17062
 1250  194.11651   97.49830   -0.00782   -0.22836   -0.17062
 1251  193.29578   97.55210   -0.00779   -0.22798   -0.17062
 1252  192.47641   97.60568   -0.00775   -0.22760   -0.17062
 1253  191.65840   97.65903   -0.00772   -0.22723   -0.17062
 1254  190.84173   97.71216   -0.00769   -0.22685   -0.17062
 1255  190.02641   97.76506   -0.00766   -0.22648   -0.17062
 1256  189.21243   97.81773   -0.00762   -0.22611   -0.17062
 1257  188.39977   97.87018   -0.00759   -0.22574   -0.17062
 1258  187.58844   97.92240   -0.00756   -0.22537   -0.17062
 1259  186.77842   97.97439   -0.00752   -0.22500   -0.17062
 1260  185.96971   98.02616   -0.00749   -0.22464   -0.17062
 1261  185.16231   98.07771   -0.00746   -0.22428   -0.17062
 1262  184.35620   98.12903   -0.00743   -0.22392   -0.17062
 1263  184.35620   98.18024    2.63444    0.00000   43.72718
 1264  184.35620   98.23145    2.63444    0.00000   43.72718
 1265  184.35620   98.28266    2.63444    0.00000   43.72718
 1266  184.35620   98.33387    2.63444    0.00000   43.72718
 1267  184.35620   98.38508    2.63444    0.00000   43.72718
 1268  184.35620   98.43629    2.63444    0.00000   43.72718
 1269  184.35620   98.48750    2.63444    0.00000   43.72718
 1270  184.35620   98.53871    2.63444    0.00000   43.72718
 1271  184.35620   98.58992    2.63444    0.00000   43.72718
 1272  184.35620   98.64113    2.63444    0.00000   43.72718
 1273  184.35620   98.69234    2.63444    0.00000   43.72718
 1274  184.35620   98.74355    6.39347    0.00000  106.12074
 1275  184.35620   98.79476    6.39347    0.00000  106.12074
 1276  184.35620   98.84597    6.39347    0.00000  106.12074
 1277  184.35620   98.89718    6.39347    0.00000  106.12074
 1278  184.35620   98.94839    6.39347    0.00000  106.12074
 1279  184.35620   98.99960    6.39347    0.00000  106.12074
 1280  184.35620   99.05081    6.39347    0.00000  106.12074
 1281  184.35620   99.10202    6.39347    0.00000  106.12074
 1282  184.35620   99.15323    6.39347    0.00000  106.12074
 1283  184.35620   99.20444    6.39347    0.00000  106.12074
 1284  184.35620   99.25565    6.39347    0.00000  106.12074
 1285  184.35620   99.30686    6.39347    0.00000  106.12074
 1286  184.35620   99.35807    6.39347    0.00000  106.12074
 1287  184.35620   99.40928    6.39347    0.00000  106.12074
 1288  184.35620   99.46049    6.39347    0.00000  106.12074
 1289  184.35620   99.51170    6.39347    0.00000  106.12074
 1290  184.35620   99.56291    6.39347    0.00000  106.12074
 1291  184.35620   99.61412    6.39347    0.00000  106.12074
 1292  184.35620   99.66533    6.39347    0.00000  106.12074
 1293  184.35620   99.71654    6.39347    0.00000  106.12074
 1294  184.35620   99.76775    6.39347    0.00000  106.12074
 1295  184.35620   99.81896    6.39347    0.00000  106.12074
 1296  184.35620   99.87017    6.39347    0.00000  106.12074
 1297  184.35620   99.92138    6.39347    0.00000  106.12074
 1298  184.35620   99.97259    6.39347    0.00000  106.12074
 1299  184.35620  100.02380    6.39347    0.00000  106.12074
 1300  184.35620  100.07501    6.39347    0.00000  106.12074
 1301  184.35620  100.12622    6.39347    0.00000  106.12074
 1302  184.35620  100.17743    6.39347    0.00000  106.12074
 1303  184.35620  100.22864    6.39347    0.00000  106.12074
 1304  184.35620  100.27985    6.39347    0.00000  106.12074
 1305  184.35620  100.33106    6.39347    0.00000  106.12074
 1306  184.35620  100.38227    6.39347    0.00000  106.12074
 1307  184.35620  100.43348    6.39347    0.00000  106.12074
 1308  184.35620  100.48469    6.39347    0.00000  106.12074
 1309  184.35620  100.53590    6.39347    0.00000  106.12074
 1310  184.35620  100.58711    6.39347    0.00000  106.12074
 1311  184.35620  100.63832    6.39347    0.00000  106.12074
 1312  184.35620  100.68953    6.39347    0.00000  106.12074
 1313  184.35620  100.74074    6.39347    0.00000  106.12074
 1314  184.35620  100.79195    6.39347    0.00000  106.12074
 1315  184.35620  100.84316    6.39347    0.00000  106.12074
 1316  184.35620  100.89437    6.39347    0.00000  106.12074
 1317  184.35620  100.94558    6.39347    0.00000  106.12074
 1318  185.40080  100.99694   20.95138    0.29017  345.79797
 1319  186.70716  101.04862   20.98013    0.36288  343.84966
 1320  188.00094  101.10066   20.97770    0.35938  341.44378
 1321  188.00094  101.15289    2.76923    0.00000   45.07341
 1322  188.00094  101.20511    2.76923    0.00000   45.07341
 1323  188.00094  101.25733    2.76923    0.00000   45.07341
 1324  188.00094  101.30955    2.76923    0.00000   45.07341
 1325  188.00094  101.36178    2.76923    0.00000   45.07341
 1326  188.00094  101.41400    2.76923    0.00000   45.07341
 1327  188.00094  101.46622    2.76923    0.00000   45.07341
 1328  188.00094  101.51844    2.76923    0.00000   45.07341
 1329  188.00094  101.57067    2.76923    0.00000   45.07341
 1330  188.00094  101.62289    2.76923    0.00000   45.07341
 1331  188.00094  101.67511    2.76923    0.00000   45.07341
 1332  188.00094  101.72733    2.76923    0.00000   45.07341
 1333  188.00094  101.77956    2.76923    0.00000   45.07341
 1334  188.00094  101.83178    2.76923    0.00000   45.07341
 1335  188.00094  101.88400    2.76923    0.00000   45.07341
 1336  188.00094  101.93622    2.76923    0.00000   45.07341
 1337  188.00094  101.98845    2.76923    0.00000   45.07341
 1338  188.00094  102.04067    2.76923    0.00000   45.07341
 1339  188.00094  102.09289    2.76923    0.00000   45.07341
 1340  188.00094  102.14511    2.76923    0.00000   45.07341
 1341  188.00094  102.19734    2.76923    0.00000   45.07341
 1342  188.00094  102.24956    2.76923    0.00000   45.07341
 1343  188.00094  102.30178    2.76923    0.00000   45.07341
 1344  188.00094  102.35400    2.76923    0.00000   45.07341
 1345  187.80450  102.40620    0.00000   -0.05457    0.00000
 1346  187.60837  102.45834    0.00000   -0.05448    0.00000
 1347  187.41256  102.51043    0.00000   -0.05439    0.00000
 1348  187.21707  102.56246    0.00000   -0.05430    0.00000
 1349  187.02189  102.61443    0.00000   -0.05422    0.00000
 1350  186.43523  102.66630   -0.00479   -0.16296   -0.10883
 1351  185.84951  102.71801   -0.00478   -0.16270   -0.10883
 1352  185.26474  102.76955   -0.00476   -0.16244   -0.10883
 1353  184.68090  102.82093   -0.00475   -0.16218   -0.10883
 1354  184.09800  102.87215   -0.00473   -0.16192   -0.10883
 1355  184.09800  102.92329    2.62506    0.00000   43.63259
 1356  184.09800  102.97443    2.62506    0.00000   43.63259
 1357  184.09800  103.02557    2.62506    0.00000   43.63259
 1358  184.09800  103.07671    2.62506    0.00000   43.63259
 1359  184.09800  103.12785    2.62506    0.00000   43.63259
 1360  185.41706  103.17917   20.98260    0.36640  346.28296
 1361  186.72327  103.23085   20.98010    0.36284  343.81950
 1362  188.01689  103.28290   20.97767    0.35934  341.41434
 1363  189.29819  103.33531   20.97531    0.35592  339.06528
 1364  190.56739  103.38806   20.97302    0.35256  336.77026
 1365  190.56739  103.44100    2.86684    0.00000   46.03372
 1366  190.56739  103.49394    2.86684    0.00000   46.03372
 1367  190.56739  103.54687    2.86684    0.00000   46.03372
 1368  190.56739  103.59981    2.86684    0.00000   46.03372
 1369  190.56739  103.65274    2.86684    0.00000   46.03372
 1370  190.36676  103.70565    0.00000   -0.05573    0.00000
 1371  190.16646  103.75850    0.00000   -0.05564    0.00000
 1372  189.96649  103.81130    0.00000   -0.05555    0.00000
 1373  189.76684  103.86404    0.00000   -0.05546    0.00000
 1374  189.56752  103.91672    0.00000   -0.05537    0.00000
 1375  189.36852  103.96935    0.00000   -0.05528    0.00000
 1376  189.16985  104.02193    0.00000   -0.05519    0.00000
 1377  188.97151  104.07445    0.00000   -0.05510    0.00000
 1378  188.77348  104.12691    0.00000   -0.05501    0.00000
 1379  188.57578  104.17932    0.00000   -0.05492    0.00000
 1380  188.37840  104.23168    0.00000   -0.05483    0.00000
 1381  188.18134  104.28398    0.00000   -0.05474    0.00000
 1382  187.98460  104.33622    0.00000   -0.05465    0.00000
 1383  187.78818  104.38841    0.00000   -0.05456    0.00000
 1384  187.59208  104.44055    0.00000   -0.05447    0.00000
 1385  187.39630  104.49263    0.00000   -0.05438    0.00000
 1386  187.20083  104.54466    0.00000   -0.05430    0.00000
 1387  187.00568  104.59663    0.00000   -0.05421    0.00000
 1388  186.81085  104.64855    0.00000   -0.05412    0.00000
 1389  186.61633  104.70041    0.00000   -0.05403    0.00000
 1390  186.42212  104.75223    0.00000   -0.05395    0.00000
 1391  186.22823  104.80398    0.00000   -0.05386    0.00000
 1392  186.03465  104.85569    0.00000   -0.05377    0.00000
 1393  185.84138  104.90734    0.00000   -0.05369    0.00000
 1394  185.64842  104.95893    0.00000   -0.05360    0.00000
 1395  185.45577  105.01047    0.00000   -0.05351    0.00000
 1396  185.26343  105.06196    0.00000   -0.05343    0.00000
 1397  185.07140  105.11340    0.00000   -0.05334    0.00000
 1398  184.87968  105.16478    0.00000   -0.05326    0.00000
 1399  184.68826  105.21611    0.00000   -0.05317    0.00000
 1400  184.49715  105.26738    0.00000   -0.05309    0.00000
 1401  184.30635  105.31861    0.00000   -0.05300    0.00000
 1402  184.11585  105.36978    0.00000   -0.05292    0.00000
 1403  182.20785  105.42066   -0.02053   -0.53000   -0.47717
 1404  180.29985  105.47100   -0.02035   -0.53000   -0.47801
 1405  178.39185  105.52082   -0.02017   -0.53000   -0.47885
 1406  176.48385  105.57011   -0.01999   -0.53000   -0.47967
 1407  174.57585  105.61887   -0.01981   -0.53000   -0.48050
 1408  172.66785  105.66710   -0.01962   -0.53000   -0.48131
 1409  170.75985  105.71479   -0.01944   -0.53000   -0.48212
 1410  168.85185  105.76196   -0.01925   -0.53000   -0.48292
 1411  166.94385  105.80860   -0.01907   -0.53000   -0.48372
 1412  165.03585  105.85471   -0.01888   -0.53000   -0.48450
 1413  163.12785  105.90029   -0.01869   -0.53000   -0.48528
 1414  161.21985  105.94534   -0.01850   -0.53000   -0.48606
 1415  159.31185  105.98985   -0.01831   -0.53000   -0.48683
 1416  157.40385  106.03384   -0.01812   -0.53000   -0.48759
 1417  155.49585  106.07730   -0.01793   -0.53000   -0.48834
 1418  153.58785  106.12023   -0.01774   -0.53000   -0.48909
 1419  151.67985  106.16263   -0.01754   -0.53000   -0.48983
 1420  149.77185  106.20450   -0.01735   -0.53000   -0.49056
 1421  147.86385  106.24583   -0.01715   -0.53000   -0.49129
 1422  145.95585  106.28664   -0.01696   -0.53000   -0.49201
 1423  144.04785  106.32692   -0.01676   -0.53000   -0.49272
 1424  142.13985  106.36667   -0.01656   -0.53000   -0.49342
 1425  140.23185  106.40589   -0.01636   -0.53000   -0.49412
 1426  138.32385  106.44458   -0.01616   -0.53000   -0.49482
 1427  136.41585  106.48273   -0.01596   -0.53000   -0.49550
 1428  134.50785  106.52036   -0.01576   -0.53000   -0.49618
 1429  132.59985  106.55746   -0.01556   -0.53000   -0.49685
 1430  130.69185  106.59403   -0.01535   -0.53000   -0.49752
 1431  128.78385  106.63007   -0.01515   -0.53000   -0.49817
 1432  126.87585  106.66558   -0.01494   -0.53000   -0.49883
 1433  124.96785  106.70055   -0.01474   -0.53000   -0.49947
 1434  123.05985  106.73500   -0.01453   -0.53000   -0.50011
 1435  121.15185  106.76892   -0.01432   -0.53000   -0.50074
 1436  119.24587  106.80231   -0.01410   -0.52944   -0.50080
 1437  117.34211  106.83517   -0.01388   -0.52882   -0.50080
 1438  115.44054  106.86750   -0.01365   -0.52821   -0.50080
 1439  113.54114  106.89930   -0.01343   -0.52761   -0.50080
 1440  111.64387  106.93058   -0.01320   -0.52702   -0.50080
 1441  109.74872  106.96133   -0.01298   -0.52643   -0.50080
 1442  107.85565  106.99155   -0.01275   -0.52585   -0.50080
 1443  105.96464  107.02125   -0.01253   -0.52528   -0.50080
 1444  104.07566  107.05042   -0.01231   -0.52472   -0.50080
 1445  102.18868  107.07907   -0.01208   -0.52416   -0.50080
 1446  100.30369  107.10719   -0.01186   -0.52361   -0.50080
 1447   98.42065  107.13479   -0.01164   -0.52307   -0.50080
 1448   96.53953  107.16187   -0.01142   -0.52253   -0.50080
 1449   94.66032  107.18843   -0.01119   -0.52200   -0.50080
 1450   92.78298  107.21446   -0.01097   -0.52148   -0.50080
 1451   90.90749  107.23997   -0.01075   -0.52097   -0.50080
 1452   89.03383  107.26496   -0.01053   -0.52046   -0.50080
 1453   87.16197  107.28943   -0.01031   -0.51996   -0.50080
 1454   85.29187  107.31339   -0.01009   -0.51947   -0.50080
 1455   83.42353  107.33682   -0.00986   -0.51898   -0.50080
 1456   81.55691  107.35973   -0.00964   -0.51851   -0.50080
 1457   79.69199  107.38213   -0.00942   -0.51803   -0.50080
 1458   77.82874  107.40401   -0.00920   -0.51757   -0.50080
 1459   75.96714  107.42537   -0.00898   -0.51711   -0.50080
 1460   74.10716  107.44621   -0.00876   -0.51666   -0.50080
 1461   72.24878  107.46654   -0.00854   -0.51622   -0.50080
 1462   70.39197  107.48635   -0.00832   -0.51578   -0.50080
 1463   68.53671  107.50565   -0.00810   -0.51535   -0.50080
 1464   66.68298  107.52443   -0.00788   -0.51493   -0.50080
 1465   64.83075  107.54269   -0.00767   -0.51451   -0.50080
 1466   62.97999  107.56044   -0.00745   -0.51410   -0.50080
 1467   61.13068  107.57768   -0.00723   -0.51370   -0.50080
 1468   59.28280  107.59440   -0.00701   -0.51330   -0.50080
 1469   57.43632  107.61062   -0.00679   -0.51291   -0.50080
 1470   55.59122  107.62631   -0.00657   -0.51253   -0.50080
 1471   53.74747  107.64150   -0.00636   -0.51215   -0.50080
 1472   51.90506  107.65617   -0.00614   -0.51178   -0.50080
 1473   50.06395  107.67034   -0.00592   -0.51142   -0.50080
 1474   48.22413  107.68399   -0.00570   -0.51106   -0.50080
 1475   46.38556  107.69713   -0.00548   -0.51071   -0.50080
 1476   44.54823  107.70976   -0.00527   -0.51037   -0.50080
 1477   42.71211  107.72188   -0.00505   -0.51003   -0.50080
 1478   40.87718  107.73349   -0.00483   -0.50970   -0.50080
 1479   39.04341  107.74459   -0.00462   -0.50938   -0.50080
 1480   37.21079  107.75518   -0.00440   -0.50906   -0.50080
 1481   35.37928  107.76526   -0.00418   -0.50875   -0.50080
 1482   33.54887  107.77483   -0.00397   -0.50845   -0.50080
 1483   31.71952  107.78390   -0.00375   -0.50815   -0.50080
 1484   29.89123  107.79245   -0.00353   -0.50786   -0.50080
 1485   28.06396  107.80050   -0.00332   -0.50757   -0.50080
 1486   26.23769  107.80805   -0.00310   -0.50730   -0.50080
 1487   24.41240  107.81508   -0.00289   -0.50702   -0.50080
 1488   22.58807  107.82161   -0.00267   -0.50676   -0.50080
 1489   20.76467  107.82763   -0.00246   -0.50650   -0.50080
 1490   18.94218  107.83314   -0.00224   -0.50625   -0.50080
 1491   17.12057  107.83815   -0.00202   -0.50600   -0.50080
 1492   15.29983  107.84266   -0.00181   -0.50576   -0.50080
 1493   13.47993  107.84665   -0.00159   -0.50553   -0.50080
 1494   11.66085  107.85015   -0.00138   -0.50530   -0.50080
 1495    9.84256  107.85313   -0.00116   -0.50508   -0.50080
 1496    8.02505  107.85561   -0.00095   -0.50486   -0.50080
 1497    6.20829  107.85759   -0.00073   -0.50466   -0.50080
 1498    4.39225  107.85906   -0.00052   -0.50445   -0.50080
 1499    2.57692  107.86003   -0.00030   -0.50426   -0.50080
 1500    0.76227  107.86049   -0.00009   -0.50407   -0.50080
 1501    0.00000  107.86049    0.00000    0.00000    0.00000
 1502    0.00000  107.86049    0.00000    0.00000    0.00000
 1503    0.00000  107.86049    0.00000    0.00000    0.00000
 1504    0.00000  107.86049    0.00000    0.00000    0.00000
 1505    0.00000  107.86049    0.00000    0.00000    0.00000
 1506    0.00000  107.86049    0.00000    0.00000    0.00000
 1507    0.00000  107.86049    0.00000    0.00000    0.00000
 1508    0.00000  107.86049    0.00000    0.00000    0.00000
 1509    0.00000  107.86049    0.00000    0.00000    0.00000
 1510    0.00000  107.86049    0.00000    0.00000    0.00000
 1511    0.00000  107.86049    0.00000    0.00000    0.00000
 1512    0.00000  107.86049    0.00000    0.00000    0.00000
 1513    0.00000  107.86049    0.00000    0.00000    0.00000
 1514    0.00000  107.86049    0.00000    0.00000    0.00000
 1515    0.00000  107.86049    0.00000    0.00000    0.00000
 1516    0.00000  107.86049    0.00000    0.00000    0.00000
 1517    0.00000  107.86049    0.00000    0.00000    0.00000
 1518    0.00000  107.86049    0.00000    0.00000    0.00000
 1519    0.00000  107.86049    0.00000    0.00000    0.00000
 1520    0.00000  107.86049    0.00000    0.00000    0.00000
 1521    0.00000  107.86049    0.00000    0.00000    0.00000
 1522    0.00000  107.86049    0.00000    0.00000    0.00000
 1523    0.00000  107.86049    0.00000    0.00000    0.00000
 1524    0.00000  107.86049    0.00000    0.00000    0.00000
 1525    0.00000  107.86049    0.00000    0.00000    0.00000
 1526    0.00000  107.86049    0.00000    0.00000    0.00000
 1527    0.00000  107.86049    0.00000    0.00000    0.00000
 1528    0.00000  107.86049    0.00000    0.00000    0.00000
 1529    0.00000  107.86049    0.00000    0.00000    0.00000
 1530    0.00000  107.86049    0.00000    0.00000    0.00000
 1531    0.00000  107.86049    0.00000    0.00000    0.00000
 1532    0.00000  107.86049    0.00000    0.00000    0.00000
 1533    0.00000  107.86049    0.00000    0.00000    0.00000
 1534    0.00000  107.86049    0.00000    0.00000    0.00000
 1535    0.00000  107.86049    0.00000    0.00000    0.00000
 1536    0.00000  107.86049    0.00000    0.00000    0.00000
 1537    0.00000  107.86049    0.00000    0.00000    0.00000
 1538    0.00000  107.86049    0.00000    0.00000    0.00000
 1539    0.00000  107.86049    0.00000    0.00000    0.00000
 1540    0.00000  107.86049    0.00000    0.00000    0.00000
 1541    0.00000  107.86049    0.00000    0.00000    0.00000
 1542    0.00000  107.86049    0.00000    0.00000    0.00000
 1543    0.00000  107.86049    0.00000    0.00000    0.00000
 1544    0.00000  107.86049    0.00000    0.00000    0.00000
 1545    0.00000  107.86049    0.00000    0.00000    0.00000
 1546    0.00000  107.86049    0.00000    0.00000    0.00000
 1547    0.00000  107.86049    0.00000    0.00000    0.00000
 1548    0.00000  107.86049    0.00000    0.00000    0.00000
 1549    0.00000  107.86049    0.00000    0.00000    0.00000
 1550    0.00000  107.86049    0.00000    0.00000    0.00000
 1551    0.00000  107.86049    0.00000    0.00000    0.00000
 1552    0.00000  107.86049    0.00000    0.00000    0.00000
 1553    0.00000  107.86049    0.00000    0.00000    0.00000
 1554    0.00000  107.86049    0.00000    0.00000    0.00000
 1555    0.00000  107.86049    0.00000    0.00000    0.00000
 1556    0.00000  107.86049    0.00000    0.00000    0.00000
 1557    0.00000  107.86049    0.00000    0.00000    0.00000
 1558    0.00000  107.86049    0.00000    0.00000    0.00000
 1559    0.00000  107.86049    0.00000    0.00000    0.00000
 1560    0.00000  107.86049    0.00000    0.00000    0.00000
 1561    0.00000  107.86049    0.00000    0.00000    0.00000
 1562    0.00000  107.86049    0.00000    0.00000    0.00000
 1563    0.00000  107.86049    0.00000    0.00000    0.00000
 1564    0.00000  107.86049    0.00000    0.00000    0.00000
 1565    0.00000  107.86049    0.00000    0.00000    0.00000
 1566    0.00000  107.86049    0.00000    0.00000    0.00000
 1567    0.00000  107.86049    0.00000    0.00000    0.00000
 1568    0.00000  107.86049    0.00000    0.00000    0.00000
 1569    0.00000  107.86049    0.00000    0.00000    0.00000
 1570    0.00000  107.86049    0.00000    0.00000    0.00000
 1571    0.00000  107.86049    0.00000    0.00000    0.00000
 1572    0.00000  107.86049    0.00000    0.00000    0.00000
 1573    0.00000  107.86049    0.00000    0.00000    0.00000
 1574    0.00000  107.86049    0.00000    0.00000    0.00000
 1575    0.00000  107.86049    0.00000    0.00000    0.00000
 1576    0.00000  107.86049    0.00000    0.00000    0.00000
 1577    0.00000  107.86049    0.00000    0.00000    0.00000
 1578    0.00000  107.86049    0.00000    0.00000    0.00000
 1579    0.00000  107.86049    0.00000    0.00000    0.00000
 1580    0.00000  107.86049    0.00000    0.00000    0.00000
 1581    0.00000  107.86049    0.00000    0.00000    0.00000
 1582    0.00000  107.86049    0.00000    0.00000    0.00000
 1583    0.00000  107.86049    0.00000    0.00000    0.00000
 1584    0.00000  107.86049    0.00000    0.00000    0.00000
 1585    0.00000  107.86049    0.00000    0.00000    0.00000
 1586    0.00000  107.86049    0.00000    0.00000    0.00000
 1587    0.00000  107.86049    0.00000    0.00000    0.00000
 1588    0.00000  107.86049    0.00000    0.00000    0.00000
 1589    0.00000  107.86049    0.00000    0.00000    0.00000
 1590    0.00000  107.86049    0.00000    0.00000    0.00000
 1591    0.00000  107.86049    0.00000    0.00000    0.00000
 1592    0.00000  107.86049    0.00000    0.00000    0.00000
 1593    0.00000  107.86049    0.00000    0.00000    0.00000
 1594    0.00000  107.86049    0.00000    0.00000    0.00000
 1595    0.00000  107.86049    0.00000    0.00000    0.00000
 1596    0.00000  107.86049    0.00000    0.00000    0.00000
 1597    0.00000  107.86049    0.00000    0.00000    0.00000
 1598    0.00000  107.86049    0.00000    0.00000    0.00000
 1599    0.00000  107.86049    0.00000    0.00000    0.00000
 1600    0.00000  107.86049    0.00000    0.00000    0.00000
 1601    0.00000  107.86049    0.00000    0.00000    0.00000
 1602    0.00000  107.86049    0.00000    0.00000    0.00000
 1603    0.00000  107.86049    0.00000    0.00000    0.00000
 1604    0.00000  107.86049    0.00000    0.00000    0.00000
 1605    0.00000  107.86049    0.00000    0.00000    0.00000
 1606    0.00000  107.86049    0.00000    0.00000    0.00000
 1607    0.00000  107.86049    0.00000    0.00000    0.00000
 1608    0.00000  107.86049    0.00000    0.00000    0.00000
 1609    0.00000  107.86049    0.00000    0.00000    0.00000
 1610    0.00000  107.86049    0.00000    0.00000    0.00000
 1611    0.00000  107.86049    0.00000    0.00000    0.00000
 1612    0.00000  107.86049    0.00000    0.00000    0.00000
 1613    0.00000  107.86049    0.00000    0.00000    0.00000
 1614    0.00000  107.86049    0.00000    0.00000    0.00000
 1615    0.00000  107.86049    0.00000    0.00000    0.00000
 1616    0.00000  107.86049    0.00000    0.00000    0.00000
 1617    0.00000  107.86049    0.00000    0.00000    0.00000
 1618    0.00000  107.86049    0.00000    0.00000    0.00000
 1619    0.00000  107.86049    0.00000    0.00000    0.00000
 1620    0.00000  107.86049    0.00000    0.00000    0.00000
