    0    0.00000  440.58000    0.00000    0.00000    0.00000
    1    1.84146  440.58026    0.25576    0.51152  425.00000
    2    3.68227  440.58102    0.51143    0.51133  425.00000
    3    5.52239  440.58230    0.76700    0.51114  425.00000
    4    7.36180  440.58409    1.02247    0.51095  425.00000
    5    9.20049  440.58639    1.27785    0.51075  425.00000
    6   11.03843  440.58920    1.53311    0.51054  425.00000
    7   12.87559  440.59252    1.78828    0.51032  425.00000
    8   14.71196  440.59636    2.04333    0.51010  425.00000
    9   16.54750  440.60070    2.29826    0.50987  425.00000
   10   18.38221  440.60555    2.55308    0.50964  425.00000
   11   20.21606  440.61091    2.80779    0.50940  425.00000
   12   22.04901  440.61678    3.06236    0.50916  425.00000
   13   23.88107  440.62316    3.31681    0.50890  425.00000
   14   25.71219  440.63005    3.57114    0.50864  425.00000
   15   27.54236  440.63744    3.82533    0.50838  425.00000
   16   29.37155  440.64535    4.07938    0.50811  425.00000
   17   31.19975  440.65376    4.33330    0.50783  425.00000
   18   33.02693  440.66268    4.58707    0.50755  425.00000
   19   34.85308  440.67211    4.84070    0.50726  425.00000
   20   36.67815  440.68204    5.09419    0.50697  425.00000
   21   38.50215  440.69248    5.34752    0.50667  425.00000
   22   40.32504  440.70343    5.60070    0.50636  425.00000
   23   42.14680  440.71489    5.85372    0.50604  425.00000
   24   43.96741  440.72685    6.10658    0.50573  425.00000
   25   45.78685  440.73931    6.35928    0.50540  425.00000
   26   47.60510  440.75228    6.61182    0.50507  425.00000
   27   49.42213  440.76576    6.86418    0.50473  425.00000
   28   51.23793  440.77974    7.11638    0.50439  425.00000
   29   53.05247  440.79423    7.36840    0.50404  425.00000
   30   54.86573  440.80921    7.62024    0.50368  425.00000
   31   56.67770  440.82471    7.87190    0.50332  425.00000
   32   58.48834  440.84070    8.12338    0.50296  425.00000
   33   60.29764  440.85720    8.37467    0.50258  425.00000
   34   62.10557  440.87420    8.62577    0.50220  425.00000
   35   63.91212  440.89170    8.87668    0.50182  425.00000
   36   65.71727  440.90971    9.12740    0.50143  425.00000
   37   67.52099  440.92821    9.37791    0.50103  425.00000
   38   69.32326  440.94722    9.62823    0.50063  425.00000
   39   71.12406  440.96673    9.87834    0.50022  425.00000
   40   72.92338  440.98673   10.12825    0.49981  425.00000
   41   74.72118  441.00724   10.37794    0.49939  425.00000
   42   76.51746  441.02824   10.62743    0.49897  425.00000
   43   78.31219  441.04975   10.87669    0.49853  425.00000
   44   80.10534  441.07175   11.12574    0.49810  425.00000
   45   81.89690  441.09425   11.37457    0.49766  425.00000
   46   83.68686  441.11725   11.62317    0.49721  425.00000
   47   85.47518  441.14074   11.87155    0.49676  425.00000
   48   87.26184  441.16473   12.11970    0.49630  425.00000
   49   89.04684  441.18922   12.36762    0.49583  425.00000
   50   90.83015  441.21420   12.61530    0.49536  425.00000
   51   92.61174  441.23968   12.86274    0.49489  425.00000
   52   94.39160  441.26565   13.10994    0.49441  425.00000
   53   96.16971  441.29212   13.35690    0.49392  425.00000
   54   97.94605  441.31908   13.60362    0.49343  425.00000
   55   99.72060  441.34654   13.85008    0.49293  425.00000
   56  101.49334  441.37448   14.09630    0.49243  425.00000
   57  103.26425  441.40292   14.34226    0.49192  425.00000
   58  105.03331  441.43185   14.58796    0.49141  425.00000
   59  106.80050  441.46127   14.83340    0.49089  425.00000
   60  108.56581  441.49118   15.07858    0.49036  425.00000
   61  110.32921  441.52159   15.32350    0.48983  425.00000
   62  112.09069  441.55248   15.56815    0.48930  425.00000
   63  113.85022  441.58386   15.81253    0.48876  425.00000
   64  115.60779  441.61573   16.05664    0.48821  425.00000
   65  117.36337  441.64809   16.30047    0.48766  425.00000
   66  119.11696  441.68093   16.54402    0.48711  425.00000
   67  120.86853  441.71426   16.78730    0.48655  425.00000
   68  122.61807  441.74808   17.03029    0.48598  425.00000
   69  124.36554  441.78238   17.27299    0.48541  425.00000
   70  126.11095  441.81717   17.51541    0.48483  425.00000
   71  127.85426  441.85244   17.75754    0.48425  425.00000
   72  129.59546  441.88820   17.99937    0.48367  425.00000
   73  131.33454  441.92444   18.24091    0.48308  425.00000
   74  133.07147  441.96116   18.48215    0.48248  425.00000
   75  134.80624  441.99837   18.72309    0.48188  425.00000
   76  136.53883  442.03606   18.96373    0.48127  425.00000
   77  138.26922  442.07422   19.20406    0.48066  425.00000
   78  139.99739  442.11287   19.44408    0.48005  425.00000
   79  141.72333  442.15200   19.68380    0.47943  425.00000
   80  143.44702  442.19161   19.92320    0.47880  425.00000
   81  145.16845  442.23169   20.16228    0.47817  425.00000
   82  146.88758  442.27226   20.40105    0.47754  425.00000
   83  148.60442  442.31330   20.63950    0.47690  425.00000
   84  150.31894  442.35481   20.87763    0.47626  425.00000
   85  152.02720  442.39681   21.07009    0.47452  424.09825
   86  153.71233  442.43927   21.06426    0.46809  419.33287
   87  155.37510  442.48220   21.05870    0.46188  414.73575
   88  157.01621  442.52559   21.05338    0.45586  410.29739
   89  158.63631  442.56943   21.04829    0.45003  406.00904
   90  160.23605  442.61371   21.04342    0.44437  401.86260
   91  161.81601  442.65844   21.03875    0.43888  397.85056
   92  163.37677  442.70361   21.03428    0.43354  393.96596
   93  164.91886  442.74921   21.02998    0.42836  390.20236
   94  166.44279  442.79523   21.02584    0.42332  386.55374
   95  168.26655  442.84172   21.06161    0.50660  383.01449
   96  170.06951  442.88871   21.05656    0.50082  378.86318
   97  171.85227  442.93620   21.05172    0.49521  374.84673
   98  173.61540  442.98418   21.04707    0.48976  370.95815
   99  175.35943  443.03265   21.04261    0.48445  367.19094
  100  177.08487  443.08160   21.03832    0.47929  363.53906
  101  178.79221  443.13102   21.03420    0.47426  359.99688
  102  180.48192  443.18092   21.03022    0.46936  356.55915
  103  182.15443  443.23129   21.02639    0.46459  353.22098
  104  183.81017  443.28212   21.02270    0.45993  349.97776
  105  185.44954  443.33340   21.01914    0.45538  346.82520
  106  185.44954  443.38492   -1.74042    0.00000  -28.71765
  107  185.44954  443.43643   -1.74042    0.00000  -28.71765
  108  185.44954  443.48795   -1.74042    0.00000  -28.71765
  109  185.44954  443.53946   -1.74042    0.00000  -28.71765
  110  185.44954  443.59097   -1.74042    0.00000  -28.71765
  111  185.44954  443.64249   -1.74042    0.00000  -28.71765
  112  185.44954  443.69400   -1.74042    0.00000  -28.71765
  113  185.44954  443.74551   -1.74042    0.00000  -28.71765
  114  185.44954  443.79703   -1.74042    0.00000  -28.71765
  115  185.44954  443.84854   -1.74042    0.00000  -28.71765
  116  185.44954  443.90006   -1.74042    0.00000  -28.71765
  117  185.44954  443.95157   -1.74042    0.00000  -28.71765
  118  185.44954  444.00308   -1.74042    0.00000  -28.71765
  119  185.44954  444.05460   -1.74042    0.00000  -28.71765
  120  185.44954  444.10611   -1.74042    0.00000  -28.71765
  121  185.44954  444.15762   -1.74042    0.00000  -28.71765
  122  185.44954  444.20914   -1.74042    0.00000  -28.71765
  123  185.44954  444.26065   -1.74042    0.00000  -28.71765
  124  185.44954  444.31217   -1.74042    0.00000  -28.71765
  125  185.44954  444.36368   -1.74042    0.00000  -28.71765
  126  185.44954  444.41519   -1.74042    0.00000  -28.71765
  127  185.44954  444.46671   -1.74042    0.00000  -28.71765
  128  185.44954  444.51822   -1.74042    0.00000  -28.71765
  129  185.44954  444.56973   -1.74042    0.00000  -28.71765
  130  185.44954  444.62125   -1.74042    0.00000  -28.71765
  131  185.44954  444.67276   -1.74042    0.00000  -28.71765
  132  185.44954  444.72428   -1.74042    0.00000  -28.71765
  133  185.44954  444.77579   -1.74042    0.00000  -28.71765
  134  185.44954  444.82730   -1.74042    0.00000  -28.71765
  135  185.44954  444.87882   -1.74042    0.00000  -28.71765
  136  185.44954  444.93033   -1.74042    0.00000  -28.71765
  137  185.44954  444.98184   -1.74042    0.00000  -28.71765
  138  185.44954  445.03336   -1.74042    0.00000  -28.71765
  139  185.44954  445.08487   -1.74042    0.00000  -28.71765
  140  185.44954  445.13639   -1.74042    0.00000  -28.71765
  141  185.44954  445.18790   -1.74042    0.00000  -28.71765
  142  185.44954  445.23941   -1.74042    0.00000  -28.71765
  143  185.44954  445.29093   -1.74042    0.00000  -28.71765
  144  185.44954  445.34244   -1.74042    0.00000  -28.71765
  145  185.44954  445.39395   -1.74042    0.00000  -28.71765
  146  185.44954  445.44547   -1.74042    0.00000  -28.71765
  147  185.44954  445.49698   -1.74042    0.00000  -28.71765
  148  185.44954  445.54850    2.67440    0.00000   44.12886
  149  185.44954  445.60001    2.67440    0.00000   44.12886
  150  185.44954  445.65152    2.67440    0.00000   44.12886
  151  185.44954  445.70304    2.67440    0.00000   44.12886
  152  185.44954  445.75455    2.67440    0.00000   44.12886
  153  185.44954  445.80606    2.67440    0.00000   44.12886
  154  185.44954  445.85758    2.67440    0.00000   44.12886
  155  185.44954  445.90909    2.67440    0.00000   44.12886
  156  185.44954  445.96061    2.67440    0.00000   44.12886
  157  185.44954  446.01212    2.67440    0.00000   44.12886
  158  185.44954  446.06363    2.67440    0.00000   44.12886
  159  185.44954  446.11515    2.67440    0.00000   44.12886
  160  185.44954  446.16666    2.67440    0.00000   44.12886
  161  185.44954  446.21817    2.67440    0.00000   44.12886
  162  185.44954  446.26969    2.67440    0.00000   44.12886
  163  185.44954  446.32120    2.67440    0.00000   44.12886
  164  185.44954  446.37272    2.67440    0.00000   44.12886
  165  185.44954  446.42423    2.67440    0.00000   44.12886
  166  185.44954  446.47574    2.67440    0.00000   44.12886
  167  185.25721  446.52723    0.00000   -0.05342    0.00000
  168  185.06519  446.57866    0.00000   -0.05334    0.00000
  169  184.87348  446.63004    0.00000   -0.05325    0.00000
  170  184.68207  446.68137    0.00000   -0.05317    0.00000
  171  184.49098  446.73265    0.00000   -0.05308    0.00000
  172  184.30018  446.78387    0.00000   -0.05300    0.00000
  173  184.10969  446.83503    0.00000   -0.05291    0.00000
  174  183.91951  446.88615    0.00000   -0.05283    0.00000
  175  183.72963  446.93721    0.00000   -0.05274    0.00000
  176  183.54005  446.98822    0.00000   -0.05266    0.00000
  177  183.35077  447.03918    0.00000   -0.05258    0.00000
  178  183.16179  447.09008    0.00000   -0.05249    0.00000
  179  182.97312  447.14094    0.00000   -0.05241    0.00000
  180  182.78474  447.19174    0.00000   -0.05233    0.00000
  181  182.59667  447.24248    0.00000   -0.05224    0.00000
  182  182.40889  447.29318    0.00000   -0.05216    0.00000
  183  182.22141  447.34382    0.00000   -0.05208    0.00000
  184  182.03422  447.39441    0.00000   -0.05200    0.00000
  185  180.19382  447.44472   -0.01954   -0.51122   -0.45931
  186  178.35632  447.49452   -0.01934   -0.51042   -0.45931
  187  176.52169  447.54381   -0.01914   -0.50962   -0.45931
  188  174.68990  447.59259   -0.01894   -0.50883   -0.45931
  189  172.86093  447.64086   -0.01875   -0.50805   -0.45931
  190  172.86093  447.68888    2.23793    0.00000   39.61609
  191  172.86093  447.73689    2.23793    0.00000   39.61609
  192  172.86093  447.78491    2.23793    0.00000   39.61609
  193  172.86093  447.83293    2.23793    0.00000   39.61609
  194  172.86093  447.88094    2.23793    0.00000   39.61609
  195  172.86093  447.92896    2.23793    0.00000   39.61609
  196  172.86093  447.97698    2.23793    0.00000   39.61609
  197  172.86093  448.02499    2.23793    0.00000   39.61609
  198  172.86093  448.07301    2.23793    0.00000   39.61609
  199  172.86093  448.12103    2.23793    0.00000   39.61609
  200  172.86093  448.16905    2.23793    0.00000   39.61609
  201  172.86093  448.21706    2.23793    0.00000   39.61609
  202  172.86093  448.26508    2.23793    0.00000   39.61609
  203  172.86093  448.31310    2.23793    0.00000   39.61609
  204  172.86093  448.36111    2.23793    0.00000   39.61609
  205  172.86093  448.40913    2.23793    0.00000   39.61609
  206  172.86093  448.45715    2.23793    0.00000   39.61609
  207  172.86093  448.50516    2.23793    0.00000   39.61609
  208  172.86093  448.55318    2.23793    0.00000   39.61609
  209  172.86093  448.60120    2.23793    0.00000   39.61609
  210  172.86093  448.64921    2.23793    0.00000   39.61609
  211  172.86093  448.69723    2.23793    0.00000   39.61609
  212  172.86093  448.74525    2.23793    0.00000   39.61609
  213  172.86093  448.79327    2.23793    0.00000   39.61609
  214  172.86093  448.84128    2.23793    0.00000   39.61609
  215  172.86093  448.88930    2.23793    0.00000   39.61609
  216  172.86093  448.93732    2.23793    0.00000   39.61609
  217  172.86093  448.98533    2.23793    0.00000   39.61609
  218  172.86093  449.03335    2.23793    0.00000   39.61609
  219  172.86093  449.08137    2.23793    0.00000   39.61609
  220  172.86093  449.12938    2.23793    0.00000   39.61609
  221  172.86093  449.17740    2.23793    0.00000   39.61609
  222  172.86093  449.22542    2.23793    0.00000   39.61609
  223  172.86093  449.27343    2.23793    0.00000   39.61609
  224  172.86093  449.32145    2.23793    0.00000   39.61609
  225  172.86093  449.36947    2.23793    0.00000   39.61609
  226  172.86093  449.41749    2.23793    0.00000   39.61609
  227  172.86093  449.46550    2.23793    0.00000   39.61609
  228  172.86093  449.51352    2.23793    0.00000   39.61609
  229  172.86093  449.56154    2.23793    0.00000   39.61609
  230  172.86093  449.60955    2.23793    0.00000   39.61609
  231  172.86093  449.65757    2.23793    0.00000   39.61609
  232  172.86093  449.70559    2.23793    0.00000   39.61609
  233  172.86093  449.75360    2.23793    0.00000   39.61609
  234  172.86093  449.80162    2.23793    0.00000   39.61609
  235  172.86093  449.84964    2.23793    0.00000   39.61609
  236  172.86093  449.89765    2.23793    0.00000   39.61609
  237  172.86093  449.94567    2.23793    0.00000   39.61609
  238  172.86093  449.99369    2.23793    0.00000   39.61609
  239  172.86093  450.04171    2.23793    0.00000   39.61609
  240  172.86093  450.08972    2.23793    0.00000   39.61609
  241  172.86093  450.13774    2.23793    0.00000   39.61609
  242  172.86093  450.18576    2.23793    0.00000   39.61609
  243  172.86093  450.23377    2.23793    0.00000   39.61609
  244  172.86093  450.28179    2.23793    0.00000   39.61609
  245  172.86093  450.32981    2.23793    0.00000   39.61609
  246  172.86093  450.37782    2.23793    0.00000   39.61609
  247  172.86093  450.42584    2.23793    0.00000   39.61609
  248  172.86093  450.47386    2.23793    0.00000   39.61609
  249  172.86093  450.52187    2.23793    0.00000   39.61609
  250  172.86093  450.56989    2.23793    0.00000   39.61609
  251  172.86093  450.61791    2.23793    0.00000   39.61609
  252  172.86093  450.66593    2.23793    0.00000   39.61609
  253  172.86093  450.71394    2.23793    0.00000   39.61609
  254  172.86093  450.76196    2.23793    0.00000   39.61609
  255  172.86093  450.80998    2.23793    0.00000   39.61609
  256  172.86093  450.85799    2.23793    0.00000   39.61609
  257  172.86093  450.90601    2.23793    0.00000   39.61609
  258  172.86093  450.95403    2.23793    0.00000   39.61609
  259  172.86093  451.00204    2.23793    0.00000   39.61609
  260  172.86093  451.05006    2.23793    0.00000   39.61609
  261  172.86093  451.09808    2.23793    0.00000   39.61609
  262  172.86093  451.14609    2.23793    0.00000   39.61609
  263  172.86093  451.19411    2.23793    0.00000   39.61609
  264  172.86093  451.24213    2.23793    0.00000   39.61609
  265  174.29560  451.29034   21.00624    0.39852  368.79357
  266  175.71486  451.33896   21.00297    0.39424  365.75793
  267  177.11906  451.38796   20.99982    0.39006  362.80370
  268  178.50856  451.43735   20.99677    0.38597  359.92739
  269  179.88368  451.48713   20.99382    0.38198  357.12574
  270  181.24476  451.53729   20.99097    0.37808  354.39568
  271  182.59211  451.58782   20.98820    0.37426  351.73430
  272  183.92601  451.63873   20.98553    0.37053  349.13886
  273  185.24675  451.69000   20.98293    0.36687  346.60678
  274  186.55461  451.74164   20.98042    0.36329  344.13560
  275  187.84985  451.79364   20.97798    0.35979  341.72300
  276  189.13273  451.84600   20.97561    0.35636  339.36678
  277  190.40349  451.89871   20.97331    0.35299  337.06487
  278  191.66237  451.95178   20.97108    0.34969  334.81529
  279  192.90960  452.00519   20.96890    0.34645  332.61615
  280  194.14540  452.05895   20.96679    0.34328  330.46567
  281  195.36998  452.11305   20.96474    0.34016  328.36215
  282  196.58354  452.16748   20.96274    0.33710  326.30398
  283  197.78629  452.22226   20.96080    0.33410  324.28961
  284  198.97843  452.27736   20.95890    0.33115  322.31758
  285  200.16012  452.33280   20.95706    0.32825  320.38649
  286  201.33157  452.38856   20.95526    0.32540  318.49501
  287  202.49294  452.44465   20.95351    0.32260  316.64185
  288  203.64440  452.50106   20.95180    0.31985  314.82580
  289  204.78611  452.55778   20.95013    0.31714  313.04569
  290  205.91824  452.61483   20.94851    0.31448  311.30041
  291  207.04095  452.67218   20.94692    0.31186  309.58889
  292  208.15437  452.72985   20.94537    0.30928  307.91011
  293  209.25867  452.78782   20.94386    0.30675  306.26308
  294  210.35397  452.84610   20.94238    0.30425  304.64688
  295  211.44042  452.90468   20.94093    0.30179  303.06060
  296  212.51816  452.96357   20.93952    0.29937  301.50337
  297  213.58731  453.02275   20.93814    0.29699  299.97436
  298  214.64800  453.08223   20.93679    0.29464  298.47279
  299  215.70035  453.14200   20.93547    0.29232  296.99788
  300  216.74449  453.20206   20.93418    0.29004  295.54889
  301  217.78053  453.26241   20.93292    0.28779  294.12513
  302  218.54336  453.32301   20.90631    0.21190  292.72589
  303  219.30035  453.38382   20.90550    0.21027  291.70412
  304  220.05156  453.44484   20.90470    0.20867  290.69721
  305  220.79707  453.50607   20.90391    0.20709  289.70483
  306  221.53694  453.56751   20.90314    0.20552  288.72666
  307  222.27125  453.62915   20.90239    0.20397  287.76239
  308  223.00005  453.69099   20.90164    0.20244  286.81173
  309  223.72341  453.75303   20.90091    0.20093  285.87438
  310  224.44140  453.81528   20.90019    0.19944  284.95006
  311  225.15408  453.87772   20.89949    0.19797  284.03851
  312  225.86150  453.94036   20.89879    0.19651  283.13944
  313  226.56373  454.00320   20.89811    0.19506  282.25262
  314  227.26083  454.06623   20.89743    0.19364  281.37778
  315  227.95286  454.12946   20.89677    0.19223  280.51468
  316  228.63986  454.19287   20.89612    0.19083  279.66309
  317  229.32190  454.25648   20.89548    0.18946  278.82277
  318  229.99903  454.32027   20.89485    0.18809  277.99351
  319  230.67131  454.38425   20.89423    0.18674  277.17508
  320  231.33878  454.44842   20.89362    0.18541  276.36727
  321  232.00150  454.51278   20.89301    0.18409  275.56988
  322  232.65952  454.57731   20.89242    0.18278  274.78270
  323  233.31289  454.64203   20.89184    0.18149  274.00555
  324  233.96165  454.70693   20.89126    0.18021  273.23823
  325  234.60586  454.77201   20.89070    0.17895  272.48055
  326  235.24557  454.83727   20.89014    0.17770  271.73234
  327  235.88081  454.90270   20.88959    0.17646  270.99342
  328  235.88081  454.96822    9.67604    0.00000  125.52385
  329  235.88081  455.03374    9.67604    0.00000  125.52385
  330  235.88081  455.09927    9.67604    0.00000  125.52385
  331  235.88081  455.16479    9.67604    0.00000  125.52385
  332  235.88081  455.23031    9.67604    0.00000  125.52385
  333  235.88081  455.29583    9.67604    0.00000  125.52385
  334  235.88081  455.36136    9.67604    0.00000  125.52385
  335  235.88081  455.42688    9.67604    0.00000  125.52385
  336  235.88081  455.49240    9.67604    0.00000  125.52385
  337  235.88081  455.55792    9.67604    0.00000  125.52385
  338  235.88081  455.62345    9.67604    0.00000  125.52385
  339  235.88081  455.68897    9.67604    0.00000  125.52385
  340  235.88081  455.75449    9.67604    0.00000  125.52385
  341  235.88081  455.82001    9.67604    0.00000  125.52385
  342  235.88081  455.88554    9.67604    0.00000  125.52385
  343  235.88081  455.95106    4.98509    0.00000   64.66987
  344  235.88081  456.01658    4.98509    0.00000   64.66987
  345  235.88081  456.08210    4.98509    0.00000   64.66987
  346  235.88081  456.14763    4.98509    0.00000   64.66987
  347  235.88081  456.21315    4.98509    0.00000   64.66987
  348  235.88081  456.27867    4.98509    0.00000   64.66987
  349  235.88081  456.34419    4.98509    0.00000   64.66987
  350  235.88081  456.40972    4.98509    0.00000   64.66987
  351  235.88081  456.47524    4.98509    0.00000   64.66987
  352  235.88081  456.54076    4.98509    0.00000   64.66987
  353  235.88081  456.60628    4.98509    0.00000   64.66987
  354  235.88081  456.67181    4.98509    0.00000   64.66987
  355  235.88081  456.73733    4.98509    0.00000   64.66987
  356  235.88081  456.80285    4.98509    0.00000   64.66987
  357  235.88081  456.86837    4.98509    0.00000   64.66987
  358  235.88081  456.93390    4.98509    0.00000   64.66987
  359  235.88081  456.99942    4.98509    0.00000   64.66987
  360  235.88081  457.06494    4.98509    0.00000   64.66987
  361  235.88081  457.13046    4.98509    0.00000   64.66987
  362  235.88081  457.19599    4.98509    0.00000   64.66987
  363  235.88081  457.26151    4.98509    0.00000   64.66987
  364  235.88081  457.32703    4.98509    0.00000   64.66987
  365  235.88081  457.39255    4.98509    0.00000   64.66987
  366  235.88081  457.45808    4.98509    0.00000   64.66987
  367  235.88081  457.52360    4.98509    0.00000   64.66987
  368  235.88081  457.58912    4.98509    0.00000   64.66987
  369  235.88081  457.65464    4.98509    0.00000   64.66987
  370  235.88081  457.72016    4.98509    0.00000   64.66987
  371  235.88081  457.78569    4.98509    0.00000   64.66987
  372  235.88081  457.85121    4.98509    0.00000   64.66987
  373  235.88081  457.91673    4.98509    0.00000   64.66987
  374  235.88081  457.98225    4.98509    0.00000   64.66987
  375  235.88081  458.04778    4.98509    0.00000   64.66987
  376  235.88081  458.11330    4.98509    0.00000   64.66987
  377  235.88081  458.17882    4.98509    0.00000   64.66987
  378  235.88081  458.24434    4.98509    0.00000   64.66987
  379  235.88081  458.30987    4.98509    0.00000   64.66987
  380  235.88081  458.37539    4.98509    0.00000   64.66987
  381  235.88081  458.44091    4.98509    0.00000   64.66987
  382  235.88081  458.50643    4.98509    0.00000   64.66987
  383  235.88081  458.57196    4.98509    0.00000   64.66987
  384  235.88081  458.63748    4.98509    0.00000   64.66987
  385  235.88081  458.70300    4.98509    0.00000   64.66987
  386  235.88081  458.76852    4.98509    0.00000   64.66987
  387  235.88081  458.83405    4.98509    0.00000   64.66987
  388  235.88081  458.89957    4.98509    0.00000   64.66987
  389  235.88081  458.96509    4.98509    0.00000   64.66987
  390  235.88081  459.03061   -2.46670    0.00000  -31.99963
  391  235.88081  459.09614   -2.46670    0.00000  -31.99963
  392  235.88081  459.16166   -2.46670    0.00000  -31.99963
  393  235.88081  459.22718   -2.46670    0.00000  -31.99963
  394  235.88081  459.29270   -2.46670    0.00000  -31.99963
  395  235.88081  459.35823   -2.46670    0.00000  -31.99963
  396  235.88081  459.42375   -2.46670    0.00000  -31.99963
  397  235.88081  459.48927   -2.46670    0.00000  -31.99963
  398  235.88081  459.55479   -2.46670    0.00000  -31.99963
  399  235.88081  459.62032   -2.46670    0.00000  -31.99963
  400  235.88081  459.68584   -2.46670    0.00000  -31.99963
  401  235.88081  459.75136   -2.46670    0.00000  -31.99963
  402  235.88081  459.81688   -2.46670    0.00000  -31.99963
  403  235.88081  459.88241   -2.46670    0.00000  -31.99963
  404  235.88081  459.94793   -2.46670    0.00000  -31.99963
  405  235.88081  460.01345   -2.46670    0.00000  -31.99963
  406  235.88081  460.07897   -2.46670    0.00000  -31.99963
  407  235.88081  460.14450   -2.46670    0.00000  -31.99963
  408  235.88081  460.21002   -2.46670    0.00000  -31.99963
  409  235.88081  460.27554   -2.46670    0.00000  -31.99963
  410  235.88081  460.34106   -2.46670    0.00000  -31.99963
  411  235.88081  460.40659   -2.46670    0.00000  -31.99963
  412  235.88081  460.47211   -2.46670    0.00000  -31.99963
  413  235.88081  460.53763   -2.46670    0.00000  -31.99963
  414  235.88081  460.60315   -2.46670    0.00000  -31.99963
  415  235.88081  460.66867   -2.46670    0.00000  -31.99963
  416  235.88081  460.73420   -2.46670    0.00000  -31.99963
  417  235.88081  460.79972   -2.46670    0.00000  -31.99963
  418  235.88081  460.86524    4.98509    0.00000   64.66987
  419  235.88081  460.93076    4.98509    0.00000   64.66987
  420  235.88081  460.99629    4.98509    0.00000   64.66987
  421  235.88081  461.06181    4.98509    0.00000   64.66987
  422  235.88081  461.12733    4.98509    0.00000   64.66987
  423  235.88081  461.19285    4.98509    0.00000   64.66987
  424  235.88081  461.25838    4.98509    0.00000   64.66987
  425  235.88081  461.32390    4.98509    0.00000   64.66987
  426  235.88081  461.38942    4.98509    0.00000   64.66987
  427  235.88081  461.45494    4.98509    0.00000   64.66987
  428  235.88081  461.52047    4.98509    0.00000   64.66987
  429  235.88081  461.58599    4.98509    0.00000   64.66987
  430  235.88081  461.65151    4.98509    0.00000   64.66987
  431  235.88081  461.71703    4.98509    0.00000   64.66987
  432  235.88081  461.78256    4.98509    0.00000   64.66987
  433  235.88081  461.84808    4.98509    0.00000   64.66987
  434  235.88081  461.91360    4.98509    0.00000   64.66987
  435  235.88081  461.97912    4.98509    0.00000   64.66987
  436  235.88081  462.04465    4.98509    0.00000   64.66987
  437  235.88081  462.11017    4.98509    0.00000   64.66987
  438  235.88081  462.17569    4.98509    0.00000   64.66987
  439  235.88081  462.24121    4.98509    0.00000   64.66987
  440  235.88081  462.30674    4.98509    0.00000   64.66987
  441  235.88081  462.37226    4.98509    0.00000   64.66987
  442  235.88081  462.43778    4.98509    0.00000   64.66987
  443  235.88081  462.50330    4.98509    0.00000   64.66987
  444  235.88081  462.56883    4.98509    0.00000   64.66987
  445  235.88081  462.63435    4.98509    0.00000   64.66987
  446  235.88081  462.69987    4.98509    0.00000   64.66987
  447  235.88081  462.76539    4.98509    0.00000   64.66987
  448  235.88081  462.83092    4.98509    0.00000   64.66987
  449  235.88081  462.89644    4.98509    0.00000   64.66987
  450  235.88081  462.96196    4.98509    0.00000   64.66987
  451  235.88081  463.02748    4.98509    0.00000   64.66987
  452  235.88081  463.09301    4.98509    0.00000   64.66987
  453  235.88081  463.15853    4.98509    0.00000   64.66987
  454  235.88081  463.22405    4.98509    0.00000   64.66987
  455  235.88081  463.28957    4.98509    0.00000   64.66987
  456  235.88081  463.35510    4.98509    0.00000   64.66987
  457  235.88081  463.42062    4.98509    0.00000   64.66987
  458  235.88081  463.48614    4.98509    0.00000   64.66987
  459  235.88081  463.55166    4.98509    0.00000   64.66987
  460  235.88081  463.61719    4.98509    0.00000   64.66987
  461  235.88081  463.68271    4.98509    0.00000   64.66987
  462  235.88081  463.74823    4.98509    0.00000   64.66987
  463  235.88081  463.81375    4.98509    0.00000   64.66987
  464  235.88081  463.87927    4.98509    0.00000   64.66987
  465  235.88081  463.94480    4.98509    0.00000   64.66987
  466  235.88081  464.01032    4.98509    0.00000   64.66987
  467  235.59896  464.07580    0.00000   -0.07829    0.00000
  468  235.31765  464.14121    0.00000   -0.07814    0.00000
  469  235.03689  464.20654    0.00000   -0.07799    0.00000
  470  234.75668  464.27178    0.00000   -0.07784    0.00000
  471  234.47700  464.33696    0.00000   -0.07769    0.00000
  472  234.19787  464.40205    0.00000   -0.07754    0.00000
  473  233.91929  464.46707    0.00000   -0.07739    0.00000
  474  233.64123  464.53200    0.00000   -0.07724    0.00000
  475  233.36372  464.59687    0.00000   -0.07709    0.00000
  476  233.08674  464.66165    0.00000   -0.07694    0.00000
  477  232.81030  464.72636    0.00000   -0.07679    0.00000
  478  232.53438  464.79099    0.00000   -0.07664    0.00000
  479  232.25900  464.85554    0.00000   -0.07649    0.00000
  480  231.98415  464.92002    0.00000   -0.07635    0.00000
  481  231.70983  464.98443    0.00000   -0.07620    0.00000
  482  231.43603  465.04875    0.00000   -0.07606    0.00000
  483  231.16275  465.11300    0.00000   -0.07591    0.00000
  484  230.89000  465.17717    0.00000   -0.07576    0.00000
  485  230.61777  465.24127    0.00000   -0.07562    0.00000
  486  230.34607  465.30530    0.00000   -0.07547    0.00000
  487  230.07488  465.36924    0.00000   -0.07533    0.00000
  488  229.80420  465.43312    0.00000   -0.07519    0.00000
  489  229.53405  465.49691    0.00000   -0.07504    0.00000
  490  229.26440  465.56063    0.00000   -0.07490    0.00000
  491  228.99527  465.62428    0.00000   -0.07476    0.00000
  492  228.72666  465.68785    0.00000   -0.07462    0.00000
  493  228.45855  465.75135    0.00000   -0.07447    0.00000
  494  228.19095  465.81478    0.00000   -0.07433    0.00000
  495  227.92385  465.87812    0.00000   -0.07419    0.00000
  496  227.65727  465.94140    0.00000   -0.07405    0.00000
  497  227.39118  466.00460    0.00000   -0.07391    0.00000
  498  227.12560  466.06773    0.00000   -0.07377    0.00000
  499  226.86052  466.13078    0.00000   -0.07363    0.00000
  500  226.59594  466.19376    0.00000   -0.07349    0.00000
  501  226.33186  466.25667    0.00000   -0.07336    0.00000
  502  226.06827  466.31950    0.00000   -0.07322    0.00000
  503  225.80519  466.38226    0.00000   -0.07308    0.00000
  504  225.54259  466.44495    0.00000   -0.07294    0.00000
  505  225.28049  466.50756    0.00000   -0.07281    0.00000
  506  225.01888  466.57011    0.00000   -0.07267    0.00000
  507  224.75776  466.63257    0.00000   -0.07253    0.00000
  508  224.49712  466.69497    0.00000   -0.07240    0.00000
  509  224.23698  466.75730    0.00000   -0.07226    0.00000
  510  223.97732  466.81955    0.00000   -0.07213    0.00000
  511  223.71815  466.88173    0.00000   -0.07199    0.00000
  512  223.45945  466.94383    0.00000   -0.07186    0.00000
  513  223.20124  467.00587    0.00000   -0.07172    0.00000
  514  222.94352  467.06784    0.00000   -0.07159    0.00000
  515  222.68627  467.12973    0.00000   -0.07146    0.00000
  516  222.42949  467.19155    0.00000   -0.07133    0.00000
  517  222.17320  467.25330    0.00000   -0.07119    0.00000
  518  221.91738  467.31498    0.00000   -0.07106    0.00000
  519  221.66203  467.37659    0.00000   -0.07093    0.00000
  520  221.40716  467.43813    0.00000   -0.07080    0.00000
  521  221.15275  467.49959    0.00000   -0.07067    0.00000
  522  220.89882  467.56099    0.00000   -0.07054    0.00000
  523  220.64535  467.62231    0.00000   -0.07041    0.00000
  524  220.39236  467.68357    0.00000   -0.07028    0.00000
  525  220.13982  467.74475    0.00000   -0.07015    0.00000
  526  219.88776  467.80587    0.00000   -0.07002    0.00000
  527  219.63615  467.86691    0.00000   -0.06989    0.00000
  528  219.38501  467.92789    0.00000   -0.06976    0.00000
  529  219.13433  467.98879    0.00000   -0.06963    0.00000
  530  218.88411  468.04963    0.00000   -0.06951    0.00000
  531  218.63435  468.11040    0.00000   -0.06938    0.00000
  532  218.38504  468.17109    0.00000   -0.06925    0.00000
  533  218.13619  468.23172    0.00000   -0.06913    0.00000
  534  217.88780  468.29228    0.00000   -0.06900    0.00000
  535  217.63985  468.35277    0.00000   -0.06887    0.00000
  536  217.39236  468.41319    0.00000   -0.06875    0.00000
  537  217.14532  468.47354    0.00000   -0.06862    0.00000
  538  216.89873  468.53383    0.00000   -0.06850    0.00000
  539  216.65259  468.59404    0.00000   -0.06837    0.00000
  540  216.40690  468.65419    0.00000   -0.06825    0.00000
  541  216.16165  468.71427    0.00000   -0.06812    0.00000
  542  215.91685  468.77428    0.00000   -0.06800    0.00000
  543  215.67249  468.83422    0.00000   -0.06788    0.00000
  544  215.42857  468.89410    0.00000   -0.06776    0.00000
  545  215.18509  468.95391    0.00000   -0.06763    0.00000
  546  214.94205  469.01365    0.00000   -0.06751    0.00000
  547  214.69945  469.07332    0.00000   -0.06739    0.00000
  548  214.45729  469.13292    0.00000   -0.06727    0.00000
  549  214.21557  469.19246    0.00000   -0.06715    0.00000
  550  213.97428  469.25193    0.00000   -0.06702    0.00000
  551  213.73342  469.31134    0.00000   -0.06690    0.00000
  552  213.49300  469.37067    0.00000   -0.06678    0.00000
  553  213.25301  469.42994    0.00000   -0.06666    0.00000
  554  213.01345  469.48915    0.00000   -0.06654    0.00000
  555  212.77431  469.54828    0.00000   -0.06643    0.00000
  556  212.53561  469.60736    0.00000   -0.06631    0.00000
  557  212.29733  469.66636    0.00000   -0.06619    0.00000
  558  212.05948  469.72530    0.00000   -0.06607    0.00000
  559  211.82206  469.78417    0.00000   -0.06595    0.00000
  560  211.58505  469.84298    0.00000   -0.06583    0.00000
  561  211.34847  469.90172    0.00000   -0.06572    0.00000
  562  211.11231  469.96039    0.00000   -0.06560    0.00000
  563  210.87658  470.01900    0.00000   -0.06548    0.00000
  564  210.64126  470.07755    0.00000   -0.06537    0.00000
  565  210.40635  470.13603    0.00000   -0.06525    0.00000
  566  210.17187  470.19444    0.00000   -0.06513    0.00000
  567  209.93780  470.25279    0.00000   -0.06502    0.00000
  568  209.70414  470.31107    0.00000   -0.06490    0.00000
  569  209.47090  470.36929    0.00000   -0.06479    0.00000
  570  209.23807  470.42744    0.00000   -0.06467    0.00000
  571  209.00565  470.48553    0.00000   -0.06456    0.00000
  572  208.77365  470.54356    0.00000   -0.06445    0.00000
  573  208.54205  470.60152    0.00000   -0.06433    0.00000
  574  208.31086  470.65942    0.00000   -0.06422    0.00000
  575  208.08007  470.71725    0.00000   -0.06411    0.00000
  576  207.84969  470.77502    0.00000   -0.06399    0.00000
  577  207.61972  470.83272    0.00000   -0.06388    0.00000
  578  207.39015  470.89036    0.00000   -0.06377    0.00000
  579  207.16098  470.94794    0.00000   -0.06366    0.00000
  580  206.93222  471.00545    0.00000   -0.06355    0.00000
  581  206.70385  471.06290    0.00000   -0.06343    0.00000
  582  206.47589  471.12028    0.00000   -0.06332    0.00000
  583  206.24832  471.17761    0.00000   -0.06321    0.00000
  584  206.02115  471.23487    0.00000   -0.06310    0.00000
  585  205.79438  471.29206    0.00000   -0.06299    0.00000
  586  205.56800  471.34920    0.00000   -0.06288    0.00000
  587  205.34202  471.40627    0.00000   -0.06277    0.00000
  588  205.11643  471.46328    0.00000   -0.06266    0.00000
  589  204.89123  471.52022    0.00000   -0.06256    0.00000
  590  204.66642  471.57711    0.00000   -0.06245    0.00000
  591  204.44200  471.63393    0.00000   -0.06234    0.00000
  592  204.21797  471.69068    0.00000   -0.06223    0.00000
  593  203.99433  471.74738    0.00000   -0.06212    0.00000
  594  203.77108  471.80401    0.00000   -0.06201    0.00000
  595  203.54821  471.86059    0.00000   -0.06191    0.00000
  596  203.32573  471.91710    0.00000   -0.06180    0.00000
  597  203.10364  471.97355    0.00000   -0.06169    0.00000
  598  202.88192  472.02993    0.00000   -0.06159    0.00000
  599  202.66059  472.08626    0.00000   -0.06148    0.00000
  600  202.43964  472.14252    0.00000   -0.06138    0.00000
  601  202.21907  472.19872    0.00000   -0.06127    0.00000
  602  201.99887  472.25487    0.00000   -0.06116    0.00000
  603  201.77906  472.31095    0.00000   -0.06106    0.00000
  604  201.55962  472.36696    0.00000   -0.06095    0.00000
  605  201.34056  472.42292    0.00000   -0.06085    0.00000
  606  201.12188  472.47882    0.00000   -0.06075    0.00000
  607  200.90357  472.53466    0.00000   -0.06064    0.00000
  608  200.68563  472.59043    0.00000   -0.06054    0.00000
  609  200.46806  472.64615    0.00000   -0.06043    0.00000
  610  200.25087  472.70181    0.00000   -0.06033    0.00000
  611  200.03405  472.75740    0.00000   -0.06023    0.00000
  612  199.81759  472.81294    0.00000   -0.06013    0.00000
  613  199.60151  472.86841    0.00000   -0.06002    0.00000
  614  199.38579  472.92383    0.00000   -0.05992    0.00000
  615  199.17044  472.97918    0.00000   -0.05982    0.00000
  616  198.95545  473.03448    0.00000   -0.05972    0.00000
  617  198.74083  473.08971    0.00000   -0.05962    0.00000
  618  198.52657  473.14489    0.00000   -0.05952    0.00000
  619  198.31268  473.20000    0.00000   -0.05941    0.00000
  620  198.09915  473.25506    0.00000   -0.05931    0.00000
  621  197.88598  473.31006    0.00000   -0.05921    0.00000
  622  197.67317  473.36500    0.00000   -0.05911    0.00000
  623  197.46072  473.41988    0.00000   -0.05901    0.00000
  624  197.24862  473.47470    0.00000   -0.05891    0.00000
  625  197.03689  473.52946    0.00000   -0.05882    0.00000
  626  196.82551  473.58416    0.00000   -0.05872    0.00000
  627  196.61449  473.63881    0.00000   -0.05862    0.00000
  628  196.40382  473.69339    0.00000   -0.05852    0.00000
  629  196.19350  473.74792    0.00000   -0.05842    0.00000
  630  195.98354  473.80239    0.00000   -0.05832    0.00000
  631  195.77393  473.85680    0.00000   -0.05822    0.00000
  632  194.33774  473.91098   -0.01564   -0.39894   -0.34082
  633  192.90394  473.96477   -0.01552   -0.39828   -0.34082
  634  191.47253  474.01815   -0.01541   -0.39762   -0.34082
  635  190.04347  474.07114   -0.01529   -0.39696   -0.34082
  636  188.61677  474.12373   -0.01518   -0.39631   -0.34082
  637  187.19238  474.17593   -0.01506   -0.39566   -0.34082
  638  185.77031  474.22773   -0.01495   -0.39502   -0.34082
  639  184.35053  474.27913   -0.01483   -0.39438   -0.34082
  640  182.93303  474.33015   -0.01472   -0.39375   -0.34082
  641  181.51778  474.38076   -0.01461   -0.39312   -0.34082
  642  180.10478  474.43099   -0.01449   -0.39250   -0.34082
  643  178.69399  474.48082   -0.01438   -0.39188   -0.34082
  644  177.28542  474.53026   -0.01427   -0.39127   -0.34082
  645  175.87903  474.57931   -0.01415   -0.39066   -0.34082
  646  174.47482  474.62797   -0.01404   -0.39006   -0.34082
  647  173.07276  474.67624   -0.01393   -0.38946   -0.34082
  648  171.67284  474.72413   -0.01381   -0.38887   -0.34082
  649  170.27505  474.77162   -0.01370   -0.38828   -0.34082
  650  168.87936  474.81872   -0.01359   -0.38769   -0.34082
  651  167.48576  474.86544   -0.01348   -0.38711   -0.34082
  652  166.09424  474.91177   -0.01337   -0.38653   -0.34082
  653  164.70477  474.95772   -0.01325   -0.38596   -0.34082
  654  163.31735  475.00327   -0.01314   -0.38540   -0.34082
  655  161.93195  475.04845   -0.01303   -0.38483   -0.34082
  656  160.54856  475.09324   -0.01292   -0.38427   -0.34082
  657  159.16717  475.13764   -0.01281   -0.38372   -0.34082
  658  157.78775  475.18166   -0.01270   -0.38317   -0.34082
  659  156.41030  475.22530   -0.01259   -0.38263   -0.34082
  660  155.03479  475.26856   -0.01248   -0.38209   -0.34082
  661  153.66122  475.31143   -0.01237   -0.38155   -0.34082
  662  152.28956  475.35393   -0.01225   -0.38102   -0.34082
  663  150.91980  475.39604   -0.01214   -0.38049   -0.34082
  664  149.55192  475.43777   -0.01203   -0.37996   -0.34082
  665  148.18592  475.47912   -0.01192   -0.37945   -0.34082
  666  146.82177  475.52010   -0.01181   -0.37893   -0.34082
  667  145.45946  475.56069   -0.01171   -0.37842   -0.34082
  668  144.09898  475.60091   -0.01160   -0.37791   -0.34082
  669  142.74030  475.64075   -0.01149   -0.37741   -0.34082
  670  141.38342  475.68021   -0.01138   -0.37691   -0.34082
  671  140.02832  475.71929   -0.01127   -0.37642   -0.34082
  672  138.67499  475.75800   -0.01116   -0.37593   -0.34082
  673  137.32341  475.79633   -0.01105   -0.37544   -0.34082
  674  135.97356  475.83429   -0.01094   -0.37496   -0.34082
  675  134.62543  475.87188   -0.01083   -0.37448   -0.34082
  676  133.27901  475.90908   -0.01072   -0.37401   -0.34082
  677  131.93429  475.94592   -0.01062   -0.37354   -0.34082
  678  130.59124  475.98238   -0.01051   -0.37307   -0.34082
  679  129.24985  476.01847   -0.01040   -0.37261   -0.34082
  680  127.91012  476.05419   -0.01029   -0.37215   -0.34082
  681  126.57202  476.08953   -0.01019   -0.37169   -0.34082
  682  125.23554  476.12451   -0.01008   -0.37124   -0.34082
  683  123.90067  476.15911   -0.00997   -0.37080   -0.34082
  684  122.56739  476.19334   -0.00986   -0.37035   -0.34082
  685  121.23570  476.22720   -0.00976   -0.36992   -0.34082
  686  119.90556  476.26069   -0.00965   -0.36948   -0.34082
  687  118.57698  476.29382   -0.00954   -0.36905   -0.34082
  688  117.24994  476.32657   -0.00944   -0.36862   -0.34082
  689  115.92443  476.35895   -0.00933   -0.36820   -0.34082
  690  114.60042  476.39097   -0.00922   -0.36778   -0.34082
  691  113.27791  476.42262   -0.00912   -0.36736   -0.34082
  692  111.95688  476.45390   -0.00901   -0.36695   -0.34082
  693  110.63733  476.48482   -0.00890   -0.36654   -0.34082
  694  109.31923  476.51537   -0.00880   -0.36614   -0.34082
  695  108.00258  476.54555   -0.00869   -0.36574   -0.34082
  696  106.68735  476.57537   -0.00859   -0.36534   -0.34082
  697  105.37355  476.60482   -0.00848   -0.36495   -0.34082
  698  104.06114  476.63391   -0.00837   -0.36456   -0.34082
  699  102.75013  476.66264   -0.00827   -0.36417   -0.34082
  700  101.44050  476.69100   -0.00816   -0.36379   -0.34082
  701  100.13223  476.71899   -0.00806   -0.36341   -0.34082
  702   98.82531  476.74663   -0.00795   -0.36303   -0.34082
  703   97.51973  476.77390   -0.00785   -0.36266   -0.34082
  704   96.21547  476.80080   -0.00774   -0.36229   -0.34082
  705   94.91253  476.82735   -0.00764   -0.36193   -0.34082
  706   93.61089  476.85353   -0.00753   -0.36157   -0.34082
  707   92.31054  476.87935   -0.00743   -0.36121   -0.34082
  708   91.01146  476.90482   -0.00732   -0.36086   -0.34082
  709   89.71364  476.92992   -0.00722   -0.36050   -0.34082
  710   88.41707  476.95466   -0.00711   -0.36016   -0.34082
  711   87.12174  476.97904   -0.00701   -0.35981   -0.34082
  712   85.82763  477.00306   -0.00691   -0.35947   -0.34082
  713   84.53474  477.02672   -0.00680   -0.35914   -0.34082
  714   83.24304  477.05002   -0.00670   -0.35880   -0.34082
  715   81.95254  477.07297   -0.00659   -0.35847   -0.34082
  716   80.66320  477.09555   -0.00649   -0.35815   -0.34082
  717   79.37503  477.11778   -0.00639   -0.35783   -0.34082
  718   78.08801  477.13965   -0.00628   -0.35751   -0.34082
  719   76.80213  477.16116   -0.00618   -0.35719   -0.34082
  720   75.51737  477.18232   -0.00608   -0.35688   -0.34082
  721   74.23373  477.20312   -0.00597   -0.35657   -0.34082
  722   72.95118  477.22356   -0.00587   -0.35626   -0.34082
  723   71.66973  477.24364   -0.00577   -0.35596   -0.34082
  724   70.38936  477.26337   -0.00566   -0.35566   -0.34082
  725   69.11005  477.28275   -0.00556   -0.35536   -0.34082
  726   67.83179  477.30177   -0.00546   -0.35507   -0.34082
  727   66.55458  477.32043   -0.00536   -0.35478   -0.34082
  728   65.27839  477.33874   -0.00525   -0.35450   -0.34082
  729   64.00322  477.35670   -0.00515   -0.35421   -0.34082
  730   62.72906  477.37430   -0.00505   -0.35393   -0.34082
  731   61.45590  477.39155   -0.00495   -0.35366   -0.34082
  732   60.18371  477.40844   -0.00484   -0.35338   -0.34082
  733   58.91250  477.42499   -0.00474   -0.35311   -0.34082
  734   57.64225  477.44117   -0.00464   -0.35285   -0.34082
  735   56.37294  477.45701   -0.00454   -0.35259   -0.34082
  736   55.10457  477.47249   -0.00443   -0.35233   -0.34082
  737   53.83712  477.48762   -0.00433   -0.35207   -0.34082
  738   52.57059  477.50240   -0.00423   -0.35181   -0.34082
  739   51.30496  477.51683   -0.00413   -0.35156   -0.34082
  740   50.04022  477.53090   -0.00403   -0.35132   -0.34082
  741   48.77636  477.54463   -0.00393   -0.35107   -0.34082
  742   47.51336  477.55800   -0.00382   -0.35083   -0.34082
  743   46.25122  477.57103   -0.00372   -0.35059   -0.34082
  744   44.98993  477.58370   -0.00362   -0.35036   -0.34082
  745   43.72946  477.59602   -0.00352   -0.35013   -0.34082
  746   42.46982  477.60799   -0.00342   -0.34990   -0.34082
  747   41.21099  477.61961   -0.00332   -0.34967   -0.34082
  748   39.95296  477.63089   -0.00322   -0.34945   -0.34082
  749   38.69572  477.64181   -0.00311   -0.34923   -0.34082
  750   37.43926  477.65238   -0.00301   -0.34902   -0.34082
  751   36.18356  477.66261   -0.00291   -0.34881   -0.34082
  752   34.92861  477.67249   -0.00281   -0.34860   -0.34082
  753   33.67441  477.68201   -0.00271   -0.34839   -0.34082
  754   32.42094  477.69119   -0.00261   -0.34819   -0.34082
  755   31.16820  477.70003   -0.00251   -0.34799   -0.34082
  756   29.91616  477.70851   -0.00241   -0.34779   -0.34082
  757   28.66483  477.71665   -0.00231   -0.34759   -0.34082
  758   27.41418  477.72444   -0.00221   -0.34740   -0.34082
  759   26.16421  477.73188   -0.00211   -0.34721   -0.34082
  760   24.91490  477.73897   -0.00200   -0.34703   -0.34082
  761   23.66625  477.74572   -0.00190   -0.34685   -0.34082
  762   22.41825  477.75212   -0.00180   -0.34667   -0.34082
  763   21.17088  477.75817   -0.00170   -0.34649   -0.34082
  764   19.92414  477.76388   -0.00160   -0.34632   -0.34082
  765   18.67800  477.76924   -0.00150   -0.34615   -0.34082
  766   17.43247  477.77426   -0.00140   -0.34598   -0.34082
  767   16.18753  477.77893   -0.00130   -0.34582   -0.34082
  768   14.94317  477.78325   -0.00120   -0.34566   -0.34082
  769   13.69938  477.78723   -0.00110   -0.34550   -0.34082
  770   12.45615  477.79086   -0.00100   -0.34534   -0.34082
  771   11.21346  477.79415   -0.00090   -0.34519   -0.34082
  772    9.97131  477.79709   -0.00080   -0.34504   -0.34082
  773    8.72969  477.79969   -0.00070   -0.34489   -0.34082
  774    7.48859  477.80194   -0.00060   -0.34475   -0.34082
  775    6.24799  477.80385   -0.00050   -0.34461   -0.34082
  776    5.00788  477.80541   -0.00040   -0.34447   -0.34082
  777    3.76826  477.80663   -0.00030   -0.34434   -0.34082
  778    2.52912  477.80751   -0.00020   -0.34421   -0.34082
  779    1.29043  477.80804   -0.00010   -0.34408   -0.34082
  780    0.05220  477.80822   -0.00000   -0.34395   -0.34082
  781    0.00000  477.80822    0.00000    0.00000    0.00000
  782    0.00000  477.80822    0.00000    0.00000    0.00000
  783    0.00000  477.80822    0.00000    0.00000    0.00000
  784    0.00000  477.80822    0.00000    0.00000    0.00000
  785    0.00000  477.80822    0.00000    0.00000    0.00000
  786    0.00000  477.80822    0.00000    0.00000    0.00000
  787    0.00000  477.80822    0.00000    0.00000    0.00000
  788    0.00000  477.80822    0.00000    0.00000    0.00000
  789    0.00000  477.80822    0.00000    0.00000    0.00000
  790    0.00000  477.80822    0.00000    0.00000    0.00000
  791    0.00000  477.80822    0.00000    0.00000    0.00000
  792    0.00000  477.80822    0.00000    0.00000    0.00000
  793    0.00000  477.80822    0.00000    0.00000    0.00000
  794    0.00000  477.80822    0.00000    0.00000    0.00000
  795    0.00000  477.80822    0.00000    0.00000    0.00000
  796    0.00000  477.80822    0.00000    0.00000    0.00000
  797    0.00000  477.80822    0.00000    0.00000    0.00000
  798    0.00000  477.80822    0.00000    0.00000    0.00000
  799    0.00000  477.80822    0.00000    0.00000    0.00000
  800    0.00000  477.80822    0.00000    0.00000    0.00000
  801    0.00000  477.80822    0.00000    0.00000    0.00000
  802    0.00000  477.80822    0.00000    0.00000    0.00000
  803    0.00000  477.80822    0.00000    0.00000    0.00000
  804    0.00000  477.80822    0.00000    0.00000    0.00000
  805    0.00000  477.80822    0.00000    0.00000    0.00000
  806    0.00000  477.80822    0.00000    0.00000    0.00000
  807    0.00000  477.80822    0.00000    0.00000    0.00000
  808    0.00000  477.80822    0.00000    0.00000    0.00000
  809    0.00000  477.80822    0.00000    0.00000    0.00000
  810    0.00000  477.80822    0.00000    0.00000    0.00000
  811    0.00000  477.80822    0.00000    0.00000    0.00000
  812    0.00000  477.80822    0.00000    0.00000    0.00000
  813    0.00000  477.80822    0.00000    0.00000    0.00000
  814    0.00000  477.80822    0.00000    0.00000    0.00000
  815    0.00000  477.80822    0.00000    0.00000    0.00000
  816    0.00000  477.80822    0.00000    0.00000    0.00000
  817    0.00000  477.80822    0.00000    0.00000    0.00000
  818    0.00000  477.80822    0.00000    0.00000    0.00000
  819    0.00000  477.80822    0.00000    0.00000    0.00000
  820    0.00000  477.80822    0.00000    0.00000    0.00000
  821    0.00000  477.80822    0.00000    0.00000    0.00000
  822    0.00000  477.80822    0.00000    0.00000    0.00000
  823    0.00000  477.80822    0.00000    0.00000    0.00000
  824    0.00000  477.80822    0.00000    0.00000    0.00000
  825    0.00000  477.80822    0.00000    0.00000    0.00000
  826    0.00000  477.80822    0.00000    0.00000    0.00000
  827    0.00000  477.80822    0.00000    0.00000    0.00000
  828    0.00000  477.80822    0.00000    0.00000    0.00000
  829    0.00000  477.80822    0.00000    0.00000    0.00000
  830    0.00000  477.80822    0.00000    0.00000    0.00000
  831    0.00000  477.80822    0.00000    0.00000    0.00000
  832    0.00000  477.80822    0.00000    0.00000    0.00000
  833    0.00000  477.80822    0.00000    0.00000    0.00000
  834    0.00000  477.80822    0.00000    0.00000    0.00000
  835    0.00000  477.80822    0.00000    0.00000    0.00000
  836    0.00000  477.80822    0.00000    0.00000    0.00000
  837    0.00000  477.80822    0.00000    0.00000    0.00000
  838    0.00000  477.80822    0.00000    0.00000    0.00000
  839    0.00000  477.80822    0.00000    0.00000    0.00000
  840    0.00000  477.80822    0.00000    0.00000    0.00000
