    0    0.00000  337.81000    0.00000    0.00000    0.00000
    1    1.84146  337.81026    0.25576    0.51152  425.00000
    2    3.68227  337.81102    0.51143    0.51133  425.00000
    3    5.52239  337.81230    0.76700    0.51114  425.00000
    4    7.36180  337.81409    1.02247    0.51095  425.00000
    5    9.20049  337.81639    1.27785    0.51075  425.00000
    6   11.03843  337.81920    1.53311    0.51054  425.00000
    7   12.87559  337.82252    1.78828    0.51032  425.00000
    8   14.71196  337.82636    2.04333    0.51010  425.00000
    9   16.54750  337.83070    2.29826    0.50987  425.00000
   10   18.38221  337.83555    2.55308    0.50964  425.00000
   11   20.21606  337.84091    2.80779    0.50940  425.00000
   12   22.04901  337.84678    3.06236    0.50916  425.00000
   13   23.88107  337.85316    3.31681    0.50890  425.00000
   14   25.71219  337.86005    3.57114    0.50864  425.00000
   15   27.54236  337.86744    3.82533    0.50838  425.00000
   16   29.37155  337.87535    4.07938    0.50811  425.00000
   17   31.19975  337.88376    4.33330    0.50783  425.00000
   18   33.02693  337.89268    4.58707    0.50755  425.00000
   19   34.85308  337.90211    4.84070    0.50726  425.00000
   20   36.67815  337.91204    5.09419    0.50697  425.00000
   21   38.50215  337.92248    5.34752    0.50667  425.00000
   22   40.32504  337.93343    5.60070    0.50636  425.00000
   23   42.14680  337.94489    5.85372    0.50604  425.00000
   24   43.96741  337.95685    6.10658    0.50573  425.00000
   25   45.78685  337.96931    6.35928    0.50540  425.00000
   26   47.60510  337.98228    6.61182    0.50507  425.00000
   27   49.42213  337.99576    6.86418    0.50473  425.00000
   28   51.23793  338.00974    7.11638    0.50439  425.00000
   29   53.05247  338.02423    7.36840    0.50404  425.00000
   30   54.86573  338.03921    7.62024    0.50368  425.00000
   31   56.67770  338.05471    7.87190    0.50332  425.00000
   32   58.48834  338.07070    8.12338    0.50296  425.00000
   33   60.29764  338.08720    8.37467    0.50258  425.00000
   34   62.10557  338.10420    8.62577    0.50220  425.00000
   35   63.91212  338.12170    8.87668    0.50182  425.00000
   36   65.71727  338.13971    9.12740    0.50143  425.00000
   37   67.52099  338.15821    9.37791    0.50103  425.00000
   38   69.32326  338.17722    9.62823    0.50063  425.00000
   39   71.12406  338.19673    9.87834    0.50022  425.00000
   40   72.92338  338.21673   10.12825    0.49981  425.00000
   41   74.72118  338.23724   10.37794    0.49939  425.00000
   42   76.51746  338.25824   10.62743    0.49897  425.00000
   43   78.31219  338.27975   10.87669    0.49853  425.00000
   44   80.10534  338.30175   11.12574    0.49810  425.00000
   45   81.89690  338.32425   11.37457    0.49766  425.00000
   46   83.68686  338.34725   11.62317    0.49721  425.00000
   47   85.47518  338.37074   11.87155    0.49676  425.00000
   48   87.26184  338.39473   12.11970    0.49630  425.00000
   49   89.04684  338.41922   12.36762    0.49583  425.00000
   50   90.83015  338.44420   12.61530    0.49536  425.00000
   51   92.61174  338.46968   12.86274    0.49489  425.00000
   52   94.39160  338.49565   13.10994    0.49441  425.00000
   53   96.16971  338.52212   13.35690    0.49392  425.00000
   54   97.94605  338.54908   13.60362    0.49343  425.00000
   55   99.72060  338.57654   13.85008    0.49293  425.00000
   56  101.49334  338.60448   14.09630    0.49243  425.00000
   57  103.26425  338.63292   14.34226    0.49192  425.00000
   58  105.03331  338.66185   14.58796    0.49141  425.00000
   59  106.80050  338.69127   14.83340    0.49089  425.00000
   60  108.56581  338.72118   15.07858    0.49036  425.00000
   61  110.32921  338.75159   15.32350    0.48983  425.00000
   62  112.09069  338.78248   15.56815    0.48930  425.00000
   63  113.85022  338.81386   15.81253    0.48876  425.00000
   64  115.60779  338.84573   16.05664    0.48821  425.00000
   65  117.36337  338.87809   16.30047    0.48766  425.00000
   66  119.11696  338.91093   16.54402    0.48711  425.00000
   67  120.86853  338.94426   16.78730    0.48655  425.00000
   68  122.61807  338.97808   17.03029    0.48598  425.00000
   69  124.36554  339.01238   17.27299    0.48541  425.00000
   70  126.11095  339.04717   17.51541    0.48483  425.00000
   71  127.85426  339.08244   17.75754    0.48425  425.00000
   72  129.59546  339.11820   17.99937    0.48367  425.00000
   73  131.33454  339.15444   18.24091    0.48308  425.00000
   74  133.07147  339.19116   18.48215    0.48248  425.00000
   75  134.80624  339.22837   18.72309    0.48188  425.00000
   76  136.53883  339.26606   18.96373    0.48127  425.00000
   77  138.26922  339.30422   19.20406    0.48066  425.00000
   78  139.99739  339.34287   19.44408    0.48005  425.00000
   79  141.72333  339.38200   19.68380    0.47943  425.00000
   80  143.44702  339.42161   19.92320    0.47880  425.00000
   81  145.16845  339.46169   20.16228    0.47817  425.00000
   82  146.88758  339.50226   20.40105    0.47754  425.00000
   83  148.60442  339.54330   20.63950    0.47690  425.00000
   84  150.31894  339.58481   20.87763    0.47626  425.00000
   85  152.02720  339.62681   21.07009    0.47452  424.09825
   86  153.71233  339.66927   21.06426    0.46809  419.33287
   87  155.37510  339.71220   21.05870    0.46188  414.73575
   88  157.01621  339.75559   21.05338    0.45586  410.29739
   89  158.63631  339.79943   21.04829    0.45003  406.00904
   90  160.23605  339.84371   21.04342    0.44437  401.86260
   91  161.81601  339.88844   21.03875    0.43888  397.85056
   92  163.37677  339.93361   21.03428    0.43354  393.96596
   93  164.91886  339.97921   21.02998    0.42836  390.20236
   94  166.44279  340.02523   21.02584    0.42332  386.55374
   95  167.94906  340.07167   21.02187    0.41841  383.01449
   96  169.43812  340.11853   21.01805    0.41363  379.57938
   97  170.91043  340.16580   21.01436    0.40897  376.24355
   98  172.36639  340.21348   21.01081    0.40444  373.00241
   99  173.80643  340.26156   21.00739    0.40001  369.85168
  100  175.23092  340.31004   21.00408    0.39569  366.78736
  101  176.64023  340.35891   21.00089    0.39148  363.80567
  102  178.03472  340.40817   20.99780    0.38736  360.90307
  103  179.41472  340.45781   20.99482    0.38334  358.07623
  104  180.78058  340.50784   20.99193    0.37940  355.32201
  105  182.13259  340.55824   20.98914    0.37556  352.63744
  106  183.47105  340.60902   20.98643    0.37180  350.01974
  107  184.79627  340.66017   20.98381    0.36811  347.46626
  108  186.10851  340.71169   20.98127    0.36451  344.97450
  109  187.40804  340.76356   20.97881    0.36098  342.54211
  110  188.69512  340.81580   20.97641    0.35752  340.16684
  111  189.97000  340.86839   20.97409    0.35413  337.84658
  112  191.23292  340.92134   20.97183    0.35081  335.57930
  113  192.48411  340.97463   20.96964    0.34755  333.36311
  114  193.72379  341.02827   20.96751    0.34436  331.19617
  115  194.95219  341.08225   20.96544    0.34122  329.07677
  116  196.16950  341.13658   20.96342    0.33814  327.00326
  117  197.37593  341.19124   20.96146    0.33512  324.97407
  118  198.57167  341.24623   20.95955    0.33215  322.98771
  119  199.75692  341.30155   20.95768    0.32924  321.04277
  120  200.93185  341.35720   20.95587    0.32637  319.13788
  121  202.09665  341.41318   20.95410    0.32355  317.27174
  122  203.25148  341.46948   20.95238    0.32079  315.44313
  123  204.39651  341.52609   20.95070    0.31806  313.65085
  124  205.53191  341.58303   20.94906    0.31539  311.89377
  125  206.65782  341.64028   20.94746    0.31275  310.17082
  126  207.77440  341.69784   20.94590    0.31016  308.48095
  127  208.88181  341.75571   20.94437    0.30761  306.82316
  128  209.98017  341.81388   20.94288    0.30510  305.19652
  129  211.06964  341.87236   20.94143    0.30263  303.60009
  130  212.15034  341.93114   20.94000    0.30020  302.03302
  131  213.22241  341.99022   20.93861    0.29780  300.49445
  132  214.28598  342.04960   20.93725    0.29544  298.98358
  133  215.34118  342.10927   20.93592    0.29311  297.49962
  134  216.38811  342.16923   20.93462    0.29082  296.04185
  135  217.42691  342.22948   20.93335    0.28855  294.60953
  136  218.45769  342.29002   20.93210    0.28633  293.20198
  137  219.48055  342.35085   20.93088    0.28413  291.81853
  138  220.49562  342.41195   20.92968    0.28196  290.45854
  139  221.50299  342.47334   20.92851    0.27983  289.12139
  140  222.50277  342.53501   20.92737    0.27772  287.80650
  141  223.49506  342.59695   20.92624    0.27564  286.51329
  142  224.47997  342.65917   20.92514    0.27359  285.24120
  143  225.45759  342.72166   20.92406    0.27156  283.98970
  144  226.42800  342.78443   20.92300    0.26956  282.75828
  145  227.39132  342.84746   20.92197    0.26759  281.54645
  146  228.34762  342.91075   20.92095    0.26564  280.35371
  147  229.29699  342.97432   20.91995    0.26371  279.17962
  148  230.23952  343.03814   20.91897    0.26181  278.02371
  149  231.17530  343.10223   20.91801    0.25994  276.88556
  150  232.10441  343.16657   20.91706    0.25808  275.76475
  151  233.02692  343.23117   20.91614    0.25625  274.66088
  152  233.94292  343.29603   20.91523    0.25444  273.57354
  153  234.85249  343.36114   20.91433    0.25266  272.50237
  154  235.75569  343.42650   20.91345    0.25089  271.44699
  155  236.65261  343.49211   20.91259    0.24914  270.40705
  156  237.54332  343.55797   20.91175    0.24742  269.38220
  157  238.42788  343.62408   20.91091    0.24571  268.37211
  158  239.30637  343.69043   20.91009    0.24402  267.37645
  159  240.17885  343.75703   20.90929    0.24236  266.39492
  160  241.04540  343.82387   20.90850    0.24071  265.42720
  161  241.90607  343.89094   20.90772    0.23908  264.47300
  162  242.76094  343.95826   20.90696    0.23746  263.53203
  163  243.61006  344.02581   20.90620    0.23587  262.60402
  164  244.45350  344.09360   20.90546    0.23429  261.68870
  165  245.29132  344.16162   20.90474    0.23273  260.78579
  166  246.12357  344.22987   20.90402    0.23118  259.89505
  167  246.95032  344.29835   20.90331    0.22965  259.01623
  168  247.77162  344.36706   20.90262    0.22814  258.14909
  169  248.58753  344.43600   20.90194    0.22664  257.29339
  170  249.39811  344.50516   20.90127    0.22516  256.44890
  171  250.20340  344.57455   20.90060    0.22369  255.61541
  172  251.00347  344.64417   20.89995    0.22224  254.79270
  173  251.79836  344.71400   20.89931    0.22080  253.98056
  174  252.58812  344.78405   20.89868    0.21938  253.17878
  175  253.37281  344.85433   20.89805    0.21797  252.38716
  176  254.15248  344.92481   20.89744    0.21657  251.60553
  177  254.92717  344.99552   20.89684    0.21519  250.83367
  178  255.69694  345.06644   20.89624    0.21382  250.07142
  179  256.46183  345.13757   20.89565    0.21247  249.31859
  180  257.22188  345.20892   20.89508    0.21113  248.57500
  181  257.97715  345.28047   20.89451    0.20980  247.84050
  182  258.72767  345.35224   20.89394    0.20848  247.11491
  183  259.47349  345.42421   20.89339    0.20717  246.39808
  184  260.21466  345.49639   20.89284    0.20588  245.68983
  185  260.95122  345.56877   20.89230    0.20460  244.99004
  186  261.68321  345.64136   20.89177    0.20333  244.29853
  187  262.41067  345.71415   20.89125    0.20207  243.61517
  188  263.13365  345.78715   20.89073    0.20083  242.93981
  189  263.85217  345.86034   20.89022    0.19959  242.27232
  190  264.56629  345.93373   20.88972    0.19837  241.61256
  191  265.27604  346.00732   20.88922    0.19715  240.96040
  192  265.98146  346.08110   20.88873    0.19595  240.31571
  193  266.68259  346.15509   20.88825    0.19476  239.67836
  194  267.37947  346.22926   20.88777    0.19358  239.04822
  195  268.07212  346.30363   20.88730    0.19240  238.42519
  196  268.76060  346.37819   20.88684    0.19124  237.80914
  197  269.44493  346.45294   20.88638    0.19009  237.19995
  198  270.12515  346.52788   20.88593    0.18895  236.59751
  199  270.12515  346.60291    7.13841    0.00000   80.86445
  200  270.12515  346.67795    7.13841    0.00000   80.86445
  201  270.12515  346.75298    7.13841    0.00000   80.86445
  202  270.12515  346.82802    7.13841    0.00000   80.86445
  203  270.12515  346.90305    7.13841    0.00000   80.86445
  204  270.12515  346.97809    7.13841    0.00000   80.86445
  205  270.12515  347.05312    7.13841    0.00000   80.86445
  206  270.12515  347.12816    7.13841    0.00000   80.86445
  207  270.12515  347.20319    7.13841    0.00000   80.86445
  208  270.12515  347.27823    7.13841    0.00000   80.86445
  209  270.12515  347.35326    7.13841    0.00000   80.86445
  210  270.12515  347.42830    7.13841    0.00000   80.86445
  211  270.12515  347.50333    7.13841    0.00000   80.86445
  212  270.12515  347.57837    7.13841    0.00000   80.86445
  213  270.12515  347.65340    7.13841    0.00000   80.86445
  214  270.12515  347.72844    7.13841    0.00000   80.86445
  215  270.12515  347.80347    7.13841    0.00000   80.86445
  216  270.12515  347.87851    7.13841    0.00000   80.86445
  217  270.12515  347.95354    7.13841    0.00000   80.86445
  218  270.12515  348.02858    7.13841    0.00000   80.86445
  219  270.12515  348.10361    7.13841    0.00000   80.86445
  220  270.12515  348.17864    7.13841    0.00000   80.86445
  221  270.12515  348.25368    7.13841    0.00000   80.86445
  222  270.12515  348.32871    7.13841    0.00000   80.86445
  223  270.12515  348.40375    7.13841    0.00000   80.86445
  224  270.12515  348.47878    7.13841    0.00000   80.86445
  225  270.12515  348.55382    7.13841    0.00000   80.86445
  226  270.12515  348.62885    7.13841    0.00000   80.86445
  227  270.12515  348.70389    7.13841    0.00000   80.86445
  228  270.12515  348.77892    7.13841    0.00000   80.86445
  229  270.12515  348.85396    7.13841    0.00000   80.86445
  230  270.12515  348.92899    7.13841    0.00000   80.86445
  231  270.12515  349.00403    7.13841    0.00000   80.86445
  232  270.12515  349.07906    7.13841    0.00000   80.86445
  233  270.12515  349.15410    7.13841    0.00000   80.86445
  234  270.12515  349.22913    7.13841    0.00000   80.86445
  235  270.12515  349.30417    7.13841    0.00000   80.86445
  236  270.12515  349.37920    7.13841    0.00000   80.86445
  237  270.12515  349.45424    7.13841    0.00000   80.86445
  238  270.12515  349.52927    7.13841    0.00000   80.86445
  239  270.12515  349.60431    7.13841    0.00000   80.86445
  240  270.12515  349.67934    7.13841    0.00000   80.86445
  241  270.12515  349.75437    7.13841    0.00000   80.86445
  242  270.12515  349.82941    7.13841    0.00000   80.86445
  243  270.12515  349.90444    7.13841    0.00000   80.86445
  244  270.12515  349.97948    7.13841    0.00000   80.86445
  245  270.12515  350.05451    7.13841    0.00000   80.86445
  246  270.12515  350.12955    7.13841    0.00000   80.86445
  247  270.12515  350.20458    7.13841    0.00000   80.86445
  248  270.12515  350.27962    7.13841    0.00000   80.86445
  249  270.12515  350.35465    7.13841    0.00000   80.86445
  250  270.12515  350.42969    7.13841    0.00000   80.86445
  251  270.12515  350.50472    7.13841    0.00000   80.86445
  252  270.12515  350.57976    7.13841    0.00000   80.86445
  253  270.12515  350.65479    7.13841    0.00000   80.86445
  254  270.12515  350.72983    7.13841    0.00000   80.86445
  255  270.12515  350.80486    7.13841    0.00000   80.86445
  256  270.12515  350.87990    7.13841    0.00000   80.86445
  257  270.12515  350.95493    7.13841    0.00000   80.86445
  258  270.12515  351.02997    7.13841    0.00000   80.86445
  259  270.12515  351.10500    7.13841    0.00000   80.86445
  260  270.12515  351.18004    7.13841    0.00000   80.86445
  261  270.12515  351.25507    7.13841    0.00000   80.86445
  262  270.12515  351.33010    7.13841    0.00000   80.86445
  263  270.12515  351.40514    7.13841    0.00000   80.86445
  264  270.12515  351.48017    7.13841    0.00000   80.86445
  265  270.12515  351.55521    7.13841    0.00000   80.86445
  266  270.12515  351.63024    7.13841    0.00000   80.86445
  267  270.12515  351.70528    7.13841    0.00000   80.86445
  268  270.12515  351.78031    7.13841    0.00000   80.86445
  269  270.12515  351.85535    7.13841    0.00000   80.86445
  270  270.12515  351.93038    7.13841    0.00000   80.86445
  271  270.12515  352.00542    7.13841    0.00000   80.86445
  272  270.12515  352.08045    7.13841    0.00000   80.86445
  273  270.12515  352.15549    7.13841    0.00000   80.86445
  274  270.12515  352.23052    7.13841    0.00000   80.86445
  275  270.12515  352.30556    7.13841    0.00000   80.86445
  276  270.12515  352.38059    7.13841    0.00000   80.86445
  277  270.12515  352.45563    7.13841    0.00000   80.86445
  278  270.12515  352.53066    7.13841    0.00000   80.86445
  279  270.12515  352.60570    7.13841    0.00000   80.86445
  280  270.12515  352.68073    7.13841    0.00000   80.86445
  281  270.12515  352.75577   15.78647    0.00000  178.83045
  282  270.12515  352.83080   15.78647    0.00000  178.83045
  283  270.12515  352.90583   15.78647    0.00000  178.83045
  284  270.12515  352.98087   15.78647    0.00000  178.83045
  285  270.12515  353.05590   15.78647    0.00000  178.83045
  286  270.12515  353.13094   15.78647    0.00000  178.83045
  287  270.12515  353.20597   15.78647    0.00000  178.83045
  288  270.12515  353.28101   15.78647    0.00000  178.83045
  289  270.12515  353.35604   15.78647    0.00000  178.83045
  290  270.12515  353.43108   15.78647    0.00000  178.83045
  291  270.12515  353.50611   15.78647    0.00000  178.83045
  292  270.12515  353.58115   15.78647    0.00000  178.83045
  293  270.12515  353.65618   15.78647    0.00000  178.83045
  294  270.12515  353.73122   15.78647    0.00000  178.83045
  295  270.12515  353.80625   15.78647    0.00000  178.83045
  296  270.12515  353.88129   15.78647    0.00000  178.83045
  297  270.12515  353.95632   15.78647    0.00000  178.83045
  298  270.12515  354.03136   15.78647    0.00000  178.83045
  299  270.12515  354.10639   15.78647    0.00000  178.83045
  300  270.12515  354.18143   15.78647    0.00000  178.83045
  301  270.12515  354.25646   15.78647    0.00000  178.83045
  302  270.12515  354.33150   15.78647    0.00000  178.83045
  303  270.12515  354.40653   15.78647    0.00000  178.83045
  304  270.12515  354.48156    7.13841    0.00000   80.86445
  305  270.12515  354.55660    7.13841    0.00000   80.86445
  306  270.12515  354.63163    7.13841    0.00000   80.86445
  307  270.12515  354.70667    7.13841    0.00000   80.86445
  308  270.12515  354.78170    7.13841    0.00000   80.86445
  309  270.12515  354.85674    7.13841    0.00000   80.86445
  310  270.12515  354.93177    7.13841    0.00000   80.86445
  311  270.12515  355.00681    7.13841    0.00000   80.86445
  312  270.12515  355.08184    7.13841    0.00000   80.86445
  313  270.12515  355.15688    7.13841    0.00000   80.86445
  314  270.12515  355.23191    7.13841    0.00000   80.86445
  315  270.12515  355.30695    7.13841    0.00000   80.86445
  316  270.12515  355.38198    7.13841    0.00000   80.86445
  317  270.12515  355.45702   14.81365    0.00000  167.81029
  318  270.12515  355.53205   14.81365    0.00000  167.81029
  319  270.12515  355.60709   14.81365    0.00000  167.81029
  320  270.12515  355.68212   14.81365    0.00000  167.81029
  321  270.12515  355.75716   14.81365    0.00000  167.81029
  322  270.12515  355.83219   14.81365    0.00000  167.81029
  323  270.12515  355.90723   14.81365    0.00000  167.81029
  324  270.12515  355.98226   14.81365    0.00000  167.81029
  325  270.12515  356.05729   14.81365    0.00000  167.81029
  326  270.12515  356.13233   14.81365    0.00000  167.81029
  327  270.12515  356.20736   14.81365    0.00000  167.81029
  328  270.12515  356.28240   14.81365    0.00000  167.81029
  329  270.12515  356.35743   14.81365    0.00000  167.81029
  330  270.12515  356.43247   14.81365    0.00000  167.81029
  331  270.12515  356.50750   14.81365    0.00000  167.81029
  332  270.12515  356.58254   14.81365    0.00000  167.81029
  333  270.12515  356.65757   14.81365    0.00000  167.81029
  334  270.12515  356.73261   14.81365    0.00000  167.81029
  335  270.12515  356.80764   14.81365    0.00000  167.81029
  336  270.12515  356.88268   14.81365    0.00000  167.81029
  337  270.12515  356.95771   14.81365    0.00000  167.81029
  338  270.12515  357.03275   14.81365    0.00000  167.81029
  339  270.12515  357.10778   14.81365    0.00000  167.81029
  340  270.12515  357.18282   14.81365    0.00000  167.81029
  341  270.12515  357.25785   14.81365    0.00000  167.81029
  342  270.12515  357.33289   14.81365    0.00000  167.81029
  343  270.12515  357.40792   14.81365    0.00000  167.81029
  344  270.12515  357.48296   14.81365    0.00000  167.81029
  345  270.12515  357.55799    2.03111    0.00000   23.00861
  346  270.12515  357.63302    2.03111    0.00000   23.00861
  347  270.12515  357.70806    2.03111    0.00000   23.00861
  348  270.12515  357.78309    2.03111    0.00000   23.00861
  349  270.12515  357.85813    2.03111    0.00000   23.00861
  350  270.12515  357.93316    2.03111    0.00000   23.00861
  351  270.12515  358.00820    2.03111    0.00000   23.00861
  352  270.12515  358.08323    2.03111    0.00000   23.00861
  353  270.12515  358.15827    2.03111    0.00000   23.00861
  354  270.12515  358.23330    2.03111    0.00000   23.00861
  355  270.12515  358.30834    2.03111    0.00000   23.00861
  356  270.12515  358.38337    2.03111    0.00000   23.00861
  357  270.12515  358.45841    2.03111    0.00000   23.00861
  358  270.12515  358.53344    2.03111    0.00000   23.00861
  359  270.12515  358.60848    2.03111    0.00000   23.00861
  360  270.12515  358.68351    2.03111    0.00000   23.00861
  361  270.12515  358.75855    2.03111    0.00000   23.00861
  362  270.12515  358.83358    2.03111    0.00000   23.00861
  363  270.12515  358.90862    2.03111    0.00000   23.00861
  364  270.12515  358.98365    2.03111    0.00000   23.00861
  365  270.12515  359.05869    2.03111    0.00000   23.00861
  366  270.12515  359.13372    2.03111    0.00000   23.00861
  367  270.12515  359.20875    2.03111    0.00000   23.00861
  368  270.12515  359.28379    2.03111    0.00000   23.00861
  369  270.12515  359.35882    2.03111    0.00000   23.00861
  370  270.12515  359.43386    2.03111    0.00000   23.00861
  371  270.12515  359.50889    2.03111    0.00000   23.00861
  372  270.12515  359.58393    2.03111    0.00000   23.00861
  373  270.12515  359.65896    2.03111    0.00000   23.00861
  374  270.12515  359.73400    2.03111    0.00000   23.00861
  375  270.12515  359.80903    2.03111    0.00000   23.00861
  376  270.12515  359.88407    2.03111    0.00000   23.00861
  377  270.12515  359.95910    2.03111    0.00000   23.00861
  378  270.12515  360.03414    2.03111    0.00000   23.00861
  379  270.12515  360.10917    2.03111    0.00000   23.00861
  380  270.12515  360.18421    2.03111    0.00000   23.00861
  381  270.12515  360.25924    2.03111    0.00000   23.00861
  382  270.12515  360.33428    2.03111    0.00000   23.00861
  383  270.12515  360.40931    2.03111    0.00000   23.00861
  384  270.12515  360.48435    2.03111    0.00000   23.00861
  385  270.12515  360.55938    2.03111    0.00000   23.00861
  386  270.12515  360.63442    2.03111    0.00000   23.00861
  387  270.12515  360.70945    2.03111    0.00000   23.00861
  388  270.12515  360.78448    2.03111    0.00000   23.00861
  389  270.12515  360.85952    2.03111    0.00000   23.00861
  390  270.12515  360.93455    2.03111    0.00000   23.00861
  391  270.12515  361.00959    2.03111    0.00000   23.00861
  392  270.12515  361.08462    2.03111    0.00000   23.00861
  393  270.12515  361.15966    2.03111    0.00000   23.00861
  394  270.12515  361.23469    2.03111    0.00000   23.00861
  395  270.12515  361.30973    2.03111    0.00000   23.00861
  396  270.12515  361.38476    2.03111    0.00000   23.00861
  397  270.12515  361.45980    2.03111    0.00000   23.00861
  398  270.12515  361.53483    2.03111    0.00000   23.00861
  399  270.12515  361.60987    2.03111    0.00000   23.00861
  400  270.12515  361.68490    2.03111    0.00000   23.00861
  401  270.12515  361.75994    2.03111    0.00000   23.00861
  402  270.12515  361.83497    2.03111    0.00000   23.00861
  403  270.12515  361.91001    2.03111    0.00000   23.00861
  404  270.12515  361.98504    2.03111    0.00000   23.00861
  405  270.12515  362.06008    2.03111    0.00000   23.00861
  406  270.12515  362.13511    2.03111    0.00000   23.00861
  407  270.12515  362.21015    2.03111    0.00000   23.00861
  408  270.12515  362.28518    2.03111    0.00000   23.00861
  409  270.12515  362.36021    2.03111    0.00000   23.00861
  410  270.12515  362.43525    2.03111    0.00000   23.00861
  411  270.12515  362.51028    2.03111    0.00000   23.00861
  412  270.12515  362.58532    2.03111    0.00000   23.00861
  413  270.12515  362.66035    2.03111    0.00000   23.00861
  414  270.12515  362.73539    2.03111    0.00000   23.00861
  415  270.12515  362.81042    2.03111    0.00000   23.00861
  416  270.12515  362.88546    2.03111    0.00000   23.00861
  417  270.12515  362.96049    2.03111    0.00000   23.00861
  418  270.12515  363.03553    2.03111    0.00000   23.00861
  419  270.12515  363.11056    2.03111    0.00000   23.00861
  420  270.12515  363.18560    2.03111    0.00000   23.00861
  421  270.12515  363.26063    2.03111    0.00000   23.00861
  422  270.12515  363.33567    7.13841    0.00000   80.86445
  423  270.12515  363.41070    7.13841    0.00000   80.86445
  424  270.12515  363.48574    7.13841    0.00000   80.86445
  425  270.12515  363.56077    7.13841    0.00000   80.86445
  426  270.12515  363.63581    7.13841    0.00000   80.86445
  427  270.12515  363.71084    7.13841    0.00000   80.86445
  428  270.12515  363.78588    7.13841    0.00000   80.86445
  429  270.12515  363.86091    7.13841    0.00000   80.86445
  430  270.12515  363.93594    7.13841    0.00000   80.86445
  431  270.12515  364.01098    7.13841    0.00000   80.86445
  432  270.12515  364.08601    7.13841    0.00000   80.86445
  433  270.12515  364.16105    7.13841    0.00000   80.86445
  434  270.12515  364.23608    7.13841    0.00000   80.86445
  435  270.12515  364.31112    7.13841    0.00000   80.86445
  436  270.12515  364.38615    7.13841    0.00000   80.86445
  437  270.12515  364.46119    7.13841    0.00000   80.86445
  438  270.12515  364.53622    7.13841    0.00000   80.86445
  439  270.12515  364.61126    7.13841    0.00000   80.86445
  440  270.12515  364.68629    7.13841    0.00000   80.86445
  441  270.12515  364.76133    7.13841    0.00000   80.86445
  442  270.12515  364.83636    7.13841    0.00000   80.86445
  443  270.12515  364.91140    7.13841    0.00000   80.86445
  444  270.12515  364.98643    7.13841    0.00000   80.86445
  445  270.12515  365.06147    7.13841    0.00000   80.86445
  446  270.12515  365.13650    7.13841    0.00000   80.86445
  447  270.12515  365.21154    7.13841    0.00000   80.86445
  448  270.12515  365.28657    7.13841    0.00000   80.86445
  449  270.12515  365.36161    7.13841    0.00000   80.86445
  450  270.12515  365.43664    7.13841    0.00000   80.86445
  451  270.12515  365.51167    7.13841    0.00000   80.86445
  452  270.12515  365.58671    7.13841    0.00000   80.86445
  453  270.12515  365.66174    7.13841    0.00000   80.86445
  454  270.12515  365.73678    7.13841    0.00000   80.86445
  455  270.12515  365.81181    7.13841    0.00000   80.86445
  456  270.12515  365.88685    7.13841    0.00000   80.86445
  457  270.12515  365.96188    7.13841    0.00000   80.86445
  458  270.12515  366.03692    7.13841    0.00000   80.86445
  459  270.12515  366.11195    7.13841    0.00000   80.86445
  460  270.12515  366.18699    7.13841    0.00000   80.86445
  461  270.12515  366.26202    7.13841    0.00000   80.86445
  462  270.12515  366.33706    7.13841    0.00000   80.86445
  463  270.12515  366.41209    7.13841    0.00000   80.86445
  464  270.12515  366.48713    7.13841    0.00000   80.86445
  465  270.12515  366.56216    7.13841    0.00000   80.86445
  466  270.12515  366.63720    7.13841    0.00000   80.86445
  467  270.12515  366.71223    7.13841    0.00000   80.86445
  468  270.12515  366.78727    7.13841    0.00000   80.86445
  469  270.12515  366.86230    7.13841    0.00000   80.86445
  470  270.12515  366.93734    7.13841    0.00000   80.86445
  471  270.12515  367.01237    7.13841    0.00000   80.86445
  472  270.12515  367.08740    7.13841    0.00000   80.86445
  473  270.12515  367.16244    7.13841    0.00000   80.86445
  474  270.12515  367.23747    7.13841    0.00000   80.86445
  475  270.12515  367.31251    7.13841    0.00000   80.86445
  476  270.12515  367.38754    7.13841    0.00000   80.86445
  477  270.12515  367.46258    7.13841    0.00000   80.86445
  478  270.12515  367.53761    7.13841    0.00000   80.86445
  479  270.12515  367.61265    7.13841    0.00000   80.86445
  480  270.12515  367.68768    7.13841    0.00000   80.86445
  481  270.12515  367.76272    7.13841    0.00000   80.86445
  482  270.12515  367.83775    7.13841    0.00000   80.86445
  483  270.12515  367.91279    7.13841    0.00000   80.86445
  484  270.12515  367.98782    7.13841    0.00000   80.86445
  485  270.12515  368.06286    7.13841    0.00000   80.86445
  486  270.12515  368.13789    7.13841    0.00000   80.86445
  487  270.12515  368.21293    7.13841    0.00000   80.86445
  488  270.12515  368.28796    7.13841    0.00000   80.86445
  489  270.12515  368.36300    7.13841    0.00000   80.86445
  490  270.12515  368.43803    7.13841    0.00000   80.86445
  491  270.12515  368.51307    7.13841    0.00000   80.86445
  492  270.12515  368.58810   13.79792    0.00000  156.30394
  493  270.12515  368.66313   13.79792    0.00000  156.30394
  494  270.12515  368.73817   13.79792    0.00000  156.30394
  495  270.12515  368.81320   13.79792    0.00000  156.30394
  496  270.12515  368.88824   13.79792    0.00000  156.30394
  497  270.12515  368.96327   13.79792    0.00000  156.30394
  498  270.12515  369.03831   13.79792    0.00000  156.30394
  499  270.12515  369.11334   13.79792    0.00000  156.30394
  500  270.12515  369.18838   13.79792    0.00000  156.30394
  501  270.12515  369.26341   13.79792    0.00000  156.30394
  502  270.12515  369.33845   13.79792    0.00000  156.30394
  503  270.12515  369.41348   13.79792    0.00000  156.30394
  504  270.12515  369.48852   13.79792    0.00000  156.30394
  505  270.12515  369.56355   13.79792    0.00000  156.30394
  506  270.12515  369.63859   13.79792    0.00000  156.30394
  507  270.12515  369.71362   13.79792    0.00000  156.30394
  508  270.12515  369.78866   13.79792    0.00000  156.30394
  509  270.12515  369.86369   13.79792    0.00000  156.30394
  510  270.12515  369.93873   13.79792    0.00000  156.30394
  511  270.12515  370.01376   13.79792    0.00000  156.30394
  512  270.12515  370.08880   13.79792    0.00000  156.30394
  513  270.12515  370.16383    7.13841    0.00000   80.86445
  514  270.12515  370.23886    7.13841    0.00000   80.86445
  515  270.12515  370.31390    7.13841    0.00000   80.86445
  516  270.12515  370.38893    7.13841    0.00000   80.86445
  517  270.12515  370.46397    7.13841    0.00000   80.86445
  518  270.12515  370.53900    7.13841    0.00000   80.86445
  519  270.12515  370.61404    7.13841    0.00000   80.86445
  520  270.12515  370.68907    7.13841    0.00000   80.86445
  521  270.12515  370.76411    7.13841    0.00000   80.86445
  522  270.12515  370.83914    7.13841    0.00000   80.86445
  523  270.12515  370.91418    7.13841    0.00000   80.86445
  524  270.12515  370.98921    7.13841    0.00000   80.86445
  525  270.12515  371.06425    7.13841    0.00000   80.86445
  526  270.12515  371.13928    7.13841    0.00000   80.86445
  527  270.12515  371.21432    7.13841    0.00000   80.86445
  528  270.12515  371.28935    7.13841    0.00000   80.86445
  529  270.12515  371.36439    7.13841    0.00000   80.86445
  530  270.12515  371.43942    7.13841    0.00000   80.86445
  531  270.12515  371.51446    7.13841    0.00000   80.86445
  532  270.12515  371.58949    7.13841    0.00000   80.86445
  533  270.12515  371.66453    7.13841    0.00000   80.86445
  534  270.12515  371.73956    7.13841    0.00000   80.86445
  535  270.12515  371.81459    7.13841    0.00000   80.86445
  536  270.12515  371.88963    7.13841    0.00000   80.86445
  537  270.12515  371.96466    7.13841    0.00000   80.86445
  538  270.12515  372.03970    7.13841    0.00000   80.86445
  539  270.12515  372.11473    7.13841    0.00000   80.86445
  540  270.12515  372.18977    7.13841    0.00000   80.86445
  541  270.12515  372.26480    7.13841    0.00000   80.86445
  542  270.12515  372.33984    7.13841    0.00000   80.86445
  543  270.12515  372.41487    7.13841    0.00000   80.86445
  544  270.12515  372.48991    7.13841    0.00000   80.86445
  545  270.12515  372.56494    7.13841    0.00000   80.86445
  546  270.12515  372.63998    7.13841    0.00000   80.86445
  547  270.12515  372.71501    7.13841    0.00000   80.86445
  548  270.12515  372.79005    7.13841    0.00000   80.86445
  549  270.12515  372.86508    7.13841    0.00000   80.86445
  550  270.12515  372.94012    7.13841    0.00000   80.86445
  551  270.12515  373.01515    7.13841    0.00000   80.86445
  552  270.12515  373.09019    7.13841    0.00000   80.86445
  553  270.12515  373.16522    7.13841    0.00000   80.86445
  554  270.12515  373.24026    7.13841    0.00000   80.86445
  555  270.12515  373.31529    7.13841    0.00000   80.86445
  556  270.12515  373.39032    7.13841    0.00000   80.86445
  557  270.12515  373.46536    7.13841    0.00000   80.86445
  558  270.12515  373.54039    7.13841    0.00000   80.86445
  559  270.12515  373.61543    7.13841    0.00000   80.86445
  560  270.12515  373.69046    7.13841    0.00000   80.86445
  561  270.12515  373.76550   -2.35372    0.00000  -26.66315
  562  270.12515  373.84053   -2.35372    0.00000  -26.66315
  563  270.12515  373.91557   -2.35372    0.00000  -26.66315
  564  270.12515  373.99060   -2.35372    0.00000  -26.66315
  565  270.12515  374.06564   -2.35372    0.00000  -26.66315
  566  270.12515  374.14067   -2.35372    0.00000  -26.66315
  567  270.12515  374.21571   -2.35372    0.00000  -26.66315
  568  270.12515  374.29074   -2.35372    0.00000  -26.66315
  569  270.24135  374.36579    0.00000    0.03228    0.00000
  570  270.35731  374.44088    0.00000    0.03221    0.00000
  571  270.47301  374.51599    0.00000    0.03214    0.00000
  572  270.58846  374.59114    0.00000    0.03207    0.00000
  573  270.70366  374.66632    0.00000    0.03200    0.00000
  574  270.81860  374.74153    0.00000    0.03193    0.00000
  575  270.93330  374.81677    0.00000    0.03186    0.00000
  576  271.04775  374.89205    0.00000    0.03179    0.00000
  577  271.16194  374.96736    0.00000    0.03172    0.00000
  578  271.27589  375.04269    0.00000    0.03165    0.00000
  579  271.38959  375.11806    0.00000    0.03158    0.00000
  580  271.50304  375.19347    0.00000    0.03151    0.00000
  581  271.61624  375.26890    0.00000    0.03144    0.00000
  582  271.72919  375.34436    0.00000    0.03138    0.00000
  583  271.84190  375.41986    0.00000    0.03131    0.00000
  584  271.95436  375.49539    0.00000    0.03124    0.00000
  585  272.06658  375.57095    0.00000    0.03117    0.00000
  586  272.17854  375.64653    0.00000    0.03110    0.00000
  587  272.29027  375.72216    0.00000    0.03103    0.00000
  588  272.40175  375.79781    0.00000    0.03097    0.00000
  589  272.51298  375.87349    0.00000    0.03090    0.00000
  590  272.62397  375.94920    0.00000    0.03083    0.00000
  591  272.73472  376.02495    0.00000    0.03076    0.00000
  592  272.52243  376.10068    0.00000   -0.05897    0.00000
  593  272.31062  376.17635    0.00000   -0.05884    0.00000
  594  272.09926  376.25196    0.00000   -0.05871    0.00000
  595  271.88837  376.32752    0.00000   -0.05858    0.00000
  596  271.67794  376.40301    0.00000   -0.05845    0.00000
  597  271.46797  376.47845    0.00000   -0.05832    0.00000
  598  271.25846  376.55383    0.00000   -0.05820    0.00000
  599  271.04941  376.62915    0.00000   -0.05807    0.00000
  600  270.84081  376.70441    0.00000   -0.05794    0.00000
  601  270.63267  376.77961    0.00000   -0.05782    0.00000
  602  270.42499  376.85476    0.00000   -0.05769    0.00000
  603  270.21775  376.92985    0.00000   -0.05756    0.00000
  604  270.01097  377.00488    0.00000   -0.05744    0.00000
  605  269.80464  377.07986    0.00000   -0.05731    0.00000
  606  269.59876  377.15477    0.00000   -0.05719    0.00000
  607  269.39332  377.22963    0.00000   -0.05707    0.00000
  608  269.18833  377.30444    0.00000   -0.05694    0.00000
  609  268.98379  377.37918    0.00000   -0.05682    0.00000
  610  268.77968  377.45387    0.00000   -0.05669    0.00000
  611  268.57603  377.52850    0.00000   -0.05657    0.00000
  612  268.37281  377.60308    0.00000   -0.05645    0.00000
  613  268.17003  377.67760    0.00000   -0.05633    0.00000
  614  267.96769  377.75206    0.00000   -0.05620    0.00000
  615  267.76579  377.82647    0.00000   -0.05608    0.00000
  616  267.56433  377.90082    0.00000   -0.05596    0.00000
  617  267.36330  377.97512    0.00000   -0.05584    0.00000
  618  267.16271  378.04936    0.00000   -0.05572    0.00000
  619  266.96255  378.12354    0.00000   -0.05560    0.00000
  620  266.76282  378.19767    0.00000   -0.05548    0.00000
  621  266.56352  378.27174    0.00000   -0.05536    0.00000
  622  266.36464  378.34576    0.00000   -0.05524    0.00000
  623  266.16620  378.41972    0.00000   -0.05512    0.00000
  624  265.96819  378.49363    0.00000   -0.05500    0.00000
  625  265.77060  378.56748    0.00000   -0.05489    0.00000
  626  265.57343  378.64128    0.00000   -0.05477    0.00000
  627  265.37669  378.71503    0.00000   -0.05465    0.00000
  628  265.18037  378.78871    0.00000   -0.05453    0.00000
  629  264.98447  378.86235    0.00000   -0.05442    0.00000
  630  264.78899  378.93593    0.00000   -0.05430    0.00000
  631  264.59392  379.00945    0.00000   -0.05418    0.00000
  632  264.39928  379.08292    0.00000   -0.05407    0.00000
  633  264.20505  379.15634    0.00000   -0.05395    0.00000
  634  264.01124  379.22970    0.00000   -0.05384    0.00000
  635  263.81784  379.30301    0.00000   -0.05372    0.00000
  636  263.62486  379.37627    0.00000   -0.05361    0.00000
  637  263.43228  379.44947    0.00000   -0.05349    0.00000
  638  263.24012  379.52262    0.00000   -0.05338    0.00000
  639  263.04836  379.59572    0.00000   -0.05326    0.00000
  640  262.85702  379.66876    0.00000   -0.05315    0.00000
  641  262.66608  379.74175    0.00000   -0.05304    0.00000
  642  262.47555  379.81469    0.00000   -0.05293    0.00000
  643  262.28542  379.88757    0.00000   -0.05281    0.00000
  644  262.09570  379.96040    0.00000   -0.05270    0.00000
  645  261.90638  380.03318    0.00000   -0.05259    0.00000
  646  261.71746  380.10590    0.00000   -0.05248    0.00000
  647  261.52894  380.17858    0.00000   -0.05237    0.00000
  648  261.34082  380.25120    0.00000   -0.05226    0.00000
  649  261.15310  380.32377    0.00000   -0.05214    0.00000
  650  260.96578  380.39628    0.00000   -0.05203    0.00000
  651  260.77885  380.46875    0.00000   -0.05192    0.00000
  652  260.59232  380.54116    0.00000   -0.05181    0.00000
  653  260.40619  380.61352    0.00000   -0.05170    0.00000
  654  260.22044  380.68583    0.00000   -0.05160    0.00000
  655  260.03509  380.75809    0.00000   -0.05149    0.00000
  656  259.85013  380.83029    0.00000   -0.05138    0.00000
  657  259.66556  380.90245    0.00000   -0.05127    0.00000
  658  259.48138  380.97455    0.00000   -0.05116    0.00000
  659  259.29758  381.04660    0.00000   -0.05105    0.00000
  660  259.11417  381.11861    0.00000   -0.05095    0.00000
  661  258.93115  381.19056    0.00000   -0.05084    0.00000
  662  258.74851  381.26246    0.00000   -0.05073    0.00000
  663  258.56626  381.33431    0.00000   -0.05063    0.00000
  664  258.38439  381.40611    0.00000   -0.05052    0.00000
  665  258.20290  381.47785    0.00000   -0.05041    0.00000
  666  258.02179  381.54955    0.00000   -0.05031    0.00000
  667  257.84106  381.62120    0.00000   -0.05020    0.00000
  668  257.66071  381.69280    0.00000   -0.05010    0.00000
  669  257.48074  381.76434    0.00000   -0.04999    0.00000
  670  257.30114  381.83584    0.00000   -0.04989    0.00000
  671  257.12192  381.90729    0.00000   -0.04978    0.00000
  672  256.94307  381.97869    0.00000   -0.04968    0.00000
  673  256.23486  382.04996    0.00000   -0.19673    0.00000
  674  255.52812  382.12104    0.00000   -0.19632    0.00000
  675  254.82286  382.19192    0.00000   -0.19591    0.00000
  676  254.11905  382.26261    0.00000   -0.19550    0.00000
  677  253.41671  382.33310    0.00000   -0.19510    0.00000
  678  252.71582  382.40340    0.00000   -0.19469    0.00000
  679  252.01637  382.47350    0.00000   -0.19429    0.00000
  680  251.31836  382.54340    0.00000   -0.19389    0.00000
  681  250.62178  382.61312    0.00000   -0.19349    0.00000
  682  249.92663  382.68264    0.00000   -0.19310    0.00000
  683  249.23290  382.75197    0.00000   -0.19270    0.00000
  684  248.54058  382.82110    0.00000   -0.19231    0.00000
  685  247.84967  382.89005    0.00000   -0.19192    0.00000
  686  247.16016  382.95880    0.00000   -0.19153    0.00000
  687  246.47205  383.02736    0.00000   -0.19114    0.00000
  688  245.78533  383.09573    0.00000   -0.19076    0.00000
  689  245.09999  383.16390    0.00000   -0.19037    0.00000
  690  244.79991  383.23195    0.00000   -0.08335    0.00000
  691  244.50044  383.29990    0.00000   -0.08319    0.00000
  692  244.20156  383.36778    0.00000   -0.08302    0.00000
  693  243.90329  383.43557    0.00000   -0.08285    0.00000
  694  243.60561  383.50328    0.00000   -0.08269    0.00000
  695  243.30852  383.57091    0.00000   -0.08252    0.00000
  696  243.01203  383.63845    0.00000   -0.08236    0.00000
  697  242.71613  383.70592    0.00000   -0.08219    0.00000
  698  242.42082  383.77330    0.00000   -0.08203    0.00000
  699  242.12610  383.84059    0.00000   -0.08187    0.00000
  700  241.83196  383.90781    0.00000   -0.08170    0.00000
  701  241.53841  383.97494    0.00000   -0.08154    0.00000
  702  241.24544  384.04200    0.00000   -0.08138    0.00000
  703  240.95306  384.10897    0.00000   -0.08122    0.00000
  704  240.66125  384.17586    0.00000   -0.08106    0.00000
  705  240.37002  384.24267    0.00000   -0.08090    0.00000
  706  240.07936  384.30940    0.00000   -0.08074    0.00000
  707  239.78928  384.37605    0.00000   -0.08058    0.00000
  708  239.49977  384.44262    0.00000   -0.08042    0.00000
  709  239.21083  384.50910    0.00000   -0.08026    0.00000
  710  238.92246  384.57551    0.00000   -0.08010    0.00000
  711  238.63466  384.64184    0.00000   -0.07995    0.00000
  712  238.34742  384.70809    0.00000   -0.07979    0.00000
  713  238.06074  384.77425    0.00000   -0.07963    0.00000
  714  237.77463  384.84034    0.00000   -0.07948    0.00000
  715  237.48908  384.90635    0.00000   -0.07932    0.00000
  716  237.20409  384.97228    0.00000   -0.07916    0.00000
  717  236.91966  385.03813    0.00000   -0.07901    0.00000
  718  236.63578  385.10390    0.00000   -0.07886    0.00000
  719  236.35245  385.16960    0.00000   -0.07870    0.00000
  720  236.06968  385.23521    0.00000   -0.07855    0.00000
  721  235.78746  385.30075    0.00000   -0.07839    0.00000
  722  235.50579  385.36620    0.00000   -0.07824    0.00000
  723  235.22466  385.43158    0.00000   -0.07809    0.00000
  724  234.94408  385.49688    0.00000   -0.07794    0.00000
  725  234.66405  385.56211    0.00000   -0.07779    0.00000
  726  234.38456  385.62725    0.00000   -0.07764    0.00000
  727  234.10560  385.69232    0.00000   -0.07749    0.00000
  728  233.82719  385.75731    0.00000   -0.07734    0.00000
  729  233.54932  385.82222    0.00000   -0.07719    0.00000
  730  233.27198  385.88706    0.00000   -0.07704    0.00000
  731  232.99518  385.95182    0.00000   -0.07689    0.00000
  732  232.71891  386.01650    0.00000   -0.07674    0.00000
  733  232.44318  386.08111    0.00000   -0.07659    0.00000
  734  232.16797  386.14564    0.00000   -0.07645    0.00000
  735  231.89329  386.21009    0.00000   -0.07630    0.00000
  736  231.61914  386.27447    0.00000   -0.07615    0.00000
  737  231.34552  386.33877    0.00000   -0.07601    0.00000
  738  231.07242  386.40299    0.00000   -0.07586    0.00000
  739  230.79984  386.46714    0.00000   -0.07572    0.00000
  740  230.52778  386.53122    0.00000   -0.07557    0.00000
  741  230.25625  386.59521    0.00000   -0.07543    0.00000
  742  229.98523  386.65914    0.00000   -0.07528    0.00000
  743  229.71473  386.72298    0.00000   -0.07514    0.00000
  744  229.44474  386.78675    0.00000   -0.07500    0.00000
  745  229.17527  386.85045    0.00000   -0.07485    0.00000
  746  228.90631  386.91407    0.00000   -0.07471    0.00000
  747  228.63786  386.97762    0.00000   -0.07457    0.00000
  748  228.36992  387.04110    0.00000   -0.07443    0.00000
  749  228.10249  387.10449    0.00000   -0.07429    0.00000
  750  227.83556  387.16782    0.00000   -0.07415    0.00000
  751  227.56914  387.23107    0.00000   -0.07401    0.00000
  752  227.30322  387.29425    0.00000   -0.07387    0.00000
  753  227.03781  387.35735    0.00000   -0.07373    0.00000
  754  226.77289  387.42038    0.00000   -0.07359    0.00000
  755  226.50848  387.48333    0.00000   -0.07345    0.00000
  756  226.24456  387.54622    0.00000   -0.07331    0.00000
  757  225.98114  387.60903    0.00000   -0.07317    0.00000
  758  225.71821  387.67176    0.00000   -0.07303    0.00000
  759  225.45578  387.73442    0.00000   -0.07290    0.00000
  760  225.19384  387.79702    0.00000   -0.07276    0.00000
  761  224.93239  387.85953    0.00000   -0.07262    0.00000
  762  224.67144  387.92198    0.00000   -0.07249    0.00000
  763  224.41096  387.98435    0.00000   -0.07235    0.00000
  764  224.15098  388.04665    0.00000   -0.07222    0.00000
  765  223.89148  388.10888    0.00000   -0.07208    0.00000
  766  223.63247  388.17103    0.00000   -0.07195    0.00000
  767  223.37394  388.23312    0.00000   -0.07181    0.00000
  768  223.11589  388.29513    0.00000   -0.07168    0.00000
  769  222.85832  388.35707    0.00000   -0.07155    0.00000
  770  222.60122  388.41894    0.00000   -0.07141    0.00000
  771  222.34461  388.48074    0.00000   -0.07128    0.00000
  772  222.08847  388.54247    0.00000   -0.07115    0.00000
  773  221.83281  388.60412    0.00000   -0.07102    0.00000
  774  221.57762  388.66571    0.00000   -0.07089    0.00000
  775  221.32290  388.72722    0.00000   -0.07076    0.00000
  776  221.06865  388.78866    0.00000   -0.07062    0.00000
  777  220.81487  388.85004    0.00000   -0.07049    0.00000
  778  220.56156  388.91134    0.00000   -0.07036    0.00000
  779  220.30872  388.97257    0.00000   -0.07023    0.00000
  780  220.05634  389.03373    0.00000   -0.07010    0.00000
  781  219.80443  389.09482    0.00000   -0.06998    0.00000
  782  219.55298  389.15585    0.00000   -0.06985    0.00000
  783  219.30199  389.21680    0.00000   -0.06972    0.00000
  784  219.05146  389.27768    0.00000   -0.06959    0.00000
  785  218.80139  389.33849    0.00000   -0.06946    0.00000
  786  218.55178  389.39924    0.00000   -0.06934    0.00000
  787  218.30262  389.45991    0.00000   -0.06921    0.00000
  788  218.05392  389.52052    0.00000   -0.06908    0.00000
  789  217.80568  389.58105    0.00000   -0.06896    0.00000
  790  217.55789  389.64152    0.00000   -0.06883    0.00000
  791  217.31055  389.70192    0.00000   -0.06871    0.00000
  792  217.06366  389.76225    0.00000   -0.06858    0.00000
  793  216.81721  389.82251    0.00000   -0.06846    0.00000
  794  216.57122  389.88270    0.00000   -0.06833    0.00000
  795  216.32567  389.94283    0.00000   -0.06821    0.00000
  796  216.08057  390.00288    0.00000   -0.06808    0.00000
  797  215.83592  390.06287    0.00000   -0.06796    0.00000
  798  215.59170  390.12279    0.00000   -0.06784    0.00000
  799  215.34793  390.18264    0.00000   -0.06771    0.00000
  800  215.10460  390.24243    0.00000   -0.06759    0.00000
  801  214.86171  390.30215    0.00000   -0.06747    0.00000
  802  214.61925  390.36180    0.00000   -0.06735    0.00000
  803  214.37724  390.42138    0.00000   -0.06723    0.00000
  804  214.13566  390.48090    0.00000   -0.06711    0.00000
  805  213.89451  390.54034    0.00000   -0.06699    0.00000
  806  213.65380  390.59973    0.00000   -0.06686    0.00000
  807  213.41352  390.65904    0.00000   -0.06674    0.00000
  808  213.17367  390.71829    0.00000   -0.06662    0.00000
  809  212.93425  390.77747    0.00000   -0.06651    0.00000
  810  212.69526  390.83659    0.00000   -0.06639    0.00000
  811  212.45670  390.89564    0.00000   -0.06627    0.00000
  812  212.21856  390.95462    0.00000   -0.06615    0.00000
  813  211.98085  391.01353    0.00000   -0.06603    0.00000
  814  211.74356  391.07239    0.00000   -0.06591    0.00000
  815  211.50670  391.13117    0.00000   -0.06580    0.00000
  816  211.27026  391.18989    0.00000   -0.06568    0.00000
  817  211.03424  391.24854    0.00000   -0.06556    0.00000
  818  210.79864  391.30713    0.00000   -0.06544    0.00000
  819  210.56346  391.36565    0.00000   -0.06533    0.00000
  820  210.32869  391.42411    0.00000   -0.06521    0.00000
  821  210.09435  391.48250    0.00000   -0.06510    0.00000
  822  209.86041  391.54083    0.00000   -0.06498    0.00000
  823  209.62690  391.59909    0.00000   -0.06487    0.00000
  824  209.39379  391.65729    0.00000   -0.06475    0.00000
  825  209.16110  391.71542    0.00000   -0.06464    0.00000
  826  208.92882  391.77349    0.00000   -0.06452    0.00000
  827  208.69694  391.83149    0.00000   -0.06441    0.00000
  828  208.46548  391.88943    0.00000   -0.06430    0.00000
  829  208.23442  391.94731    0.00000   -0.06418    0.00000
  830  208.00377  392.00512    0.00000   -0.06407    0.00000
  831  207.77353  392.06286    0.00000   -0.06396    0.00000
  832  207.54369  392.12055    0.00000   -0.06384    0.00000
  833  207.31425  392.17817    0.00000   -0.06373    0.00000
  834  207.08522  392.23572    0.00000   -0.06362    0.00000
  835  206.85659  392.29321    0.00000   -0.06351    0.00000
  836  206.62836  392.35064    0.00000   -0.06340    0.00000
  837  206.40052  392.40801    0.00000   -0.06329    0.00000
  838  206.17309  392.46531    0.00000   -0.06318    0.00000
  839  205.94605  392.52255    0.00000   -0.06307    0.00000
  840  205.71941  392.57972    0.00000   -0.06296    0.00000
  841  205.49316  392.63684    0.00000   -0.06285    0.00000
  842  205.26730  392.69389    0.00000   -0.06274    0.00000
  843  205.04184  392.75087    0.00000   -0.06263    0.00000
  844  204.81677  392.80780    0.00000   -0.06252    0.00000
  845  204.59210  392.86466    0.00000   -0.06241    0.00000
  846  204.36781  392.92146    0.00000   -0.06230    0.00000
  847  204.14391  392.97820    0.00000   -0.06219    0.00000
  848  203.92040  393.03488    0.00000   -0.06209    0.00000
  849  203.69727  393.09149    0.00000   -0.06198    0.00000
  850  203.47453  393.14804    0.00000   -0.06187    0.00000
  851  203.25218  393.20453    0.00000   -0.06177    0.00000
  852  203.03021  393.26096    0.00000   -0.06166    0.00000
  853  202.80862  393.31732    0.00000   -0.06155    0.00000
  854  202.58741  393.37363    0.00000   -0.06145    0.00000
  855  202.36659  393.42987    0.00000   -0.06134    0.00000
  856  202.14614  393.48606    0.00000   -0.06123    0.00000
  857  201.92608  393.54218    0.00000   -0.06113    0.00000
  858  201.70639  393.59824    0.00000   -0.06102    0.00000
  859  201.48707  393.65424    0.00000   -0.06092    0.00000
  860  201.26814  393.71017    0.00000   -0.06082    0.00000
  861  201.04958  393.76605    0.00000   -0.06071    0.00000
  862  200.83139  393.82187    0.00000   -0.06061    0.00000
  863  200.61358  393.87762    0.00000   -0.06050    0.00000
  864  200.39613  393.93332    0.00000   -0.06040    0.00000
  865  200.17906  393.98896    0.00000   -0.06030    0.00000
  866  199.96236  394.04453    0.00000   -0.06019    0.00000
  867  199.74603  394.10005    0.00000   -0.06009    0.00000
  868  199.53007  394.15550    0.00000   -0.05999    0.00000
  869  199.31447  394.21090    0.00000   -0.05989    0.00000
  870  199.09924  394.26623    0.00000   -0.05979    0.00000
  871  198.88437  394.32151    0.00000   -0.05968    0.00000
  872  198.66987  394.37672    0.00000   -0.05958    0.00000
  873  198.45574  394.43188    0.00000   -0.05948    0.00000
  874  197.58469  394.48688   -0.00852   -0.24196   -0.18258
  875  196.71511  394.54165   -0.00848   -0.24155   -0.18258
  876  195.84699  394.59617   -0.00844   -0.24114   -0.18258
  877  194.98033  394.65045   -0.00841   -0.24074   -0.18258
  878  194.11512  394.70449   -0.00837   -0.24034   -0.18258
  879  193.25136  394.75829   -0.00833   -0.23994   -0.18258
  880  192.38902  394.81186   -0.00829   -0.23954   -0.18258
  881  191.52812  394.86518   -0.00826   -0.23914   -0.18258
  882  190.66863  394.91826   -0.00822   -0.23875   -0.18258
  883  189.81056  394.97111   -0.00818   -0.23835   -0.18258
  884  188.95389  395.02371   -0.00815   -0.23796   -0.18258
  885  188.09861  395.07608   -0.00811   -0.23758   -0.18258
  886  187.24473  395.12821   -0.00807   -0.23719   -0.18258
  887  186.39223  395.18010   -0.00804   -0.23681   -0.18258
  888  185.54111  395.23176   -0.00800   -0.23642   -0.18258
  889  184.69136  395.28318   -0.00796   -0.23604   -0.18258
  890  183.84297  395.33437   -0.00793   -0.23566   -0.18258
  891  182.99593  395.38532   -0.00789   -0.23529   -0.18258
  892  182.15024  395.43603   -0.00785   -0.23491   -0.18258
  893  181.30589  395.48651   -0.00782   -0.23454   -0.18258
  894  180.46288  395.53676   -0.00778   -0.23417   -0.18258
  895  179.62119  395.58677   -0.00774   -0.23380   -0.18258
  896  178.78082  395.63655   -0.00771   -0.23344   -0.18258
  897  177.94177  395.68609   -0.00767   -0.23307   -0.18258
  898  177.10402  395.73541   -0.00763   -0.23271   -0.18258
  899  176.26757  395.78448   -0.00760   -0.23235   -0.18258
  900  175.43242  395.83333   -0.00756   -0.23199   -0.18258
  901  174.59855  395.88195   -0.00753   -0.23163   -0.18258
  902  173.76596  395.93033   -0.00749   -0.23127   -0.18258
  903  172.93464  395.97848   -0.00745   -0.23092   -0.18258
  904  172.10459  396.02641   -0.00742   -0.23057   -0.18258
  905  171.27580  396.07410   -0.00738   -0.23022   -0.18258
  906  170.44826  396.12156   -0.00735   -0.22987   -0.18258
  907  169.62197  396.16879   -0.00731   -0.22953   -0.18258
  908  168.79692  396.21579   -0.00728   -0.22918   -0.18258
  909  167.97311  396.26257   -0.00724   -0.22884   -0.18258
  910  167.15051  396.30911   -0.00721   -0.22850   -0.18258
  911  166.32915  396.35543   -0.00717   -0.22816   -0.18258
  912  165.50899  396.40152   -0.00713   -0.22782   -0.18258
  913  164.69004  396.44738   -0.00710   -0.22749   -0.18258
  914  163.87230  396.49301   -0.00706   -0.22715   -0.18258
  915  163.05575  396.53842   -0.00703   -0.22682   -0.18258
  916  162.24039  396.58360   -0.00699   -0.22649   -0.18258
  917  161.42621  396.62855   -0.00696   -0.22616   -0.18258
  918  160.61321  396.67328   -0.00692   -0.22583   -0.18258
  919  159.80138  396.71778   -0.00689   -0.22551   -0.18258
  920  158.99072  396.76206   -0.00685   -0.22518   -0.18258
  921  158.18121  396.80611   -0.00682   -0.22486   -0.18258
  922  157.37285  396.84994   -0.00678   -0.22454   -0.18258
  923  156.56565  396.89354   -0.00675   -0.22422   -0.18258
  924  155.75958  396.93692   -0.00671   -0.22391   -0.18258
  925  154.95464  396.98007   -0.00668   -0.22359   -0.18258
  926  154.15084  397.02301   -0.00665   -0.22328   -0.18258
  927  153.34815  397.06571   -0.00661   -0.22297   -0.18258
  928  152.54659  397.10820   -0.00658   -0.22266   -0.18258
  929  151.74613  397.15046   -0.00654   -0.22235   -0.18258
  930  150.94678  397.19250   -0.00651   -0.22204   -0.18258
  931  150.14853  397.23432   -0.00647   -0.22174   -0.18258
  932  149.35137  397.27592   -0.00644   -0.22143   -0.18258
  933  148.55529  397.31729   -0.00640   -0.22113   -0.18258
  934  147.76030  397.35845   -0.00637   -0.22083   -0.18258
  935  146.96638  397.39938   -0.00634   -0.22053   -0.18258
  936  146.17354  397.44010   -0.00630   -0.22024   -0.18258
  937  145.38176  397.48059   -0.00627   -0.21994   -0.18258
  938  144.59103  397.52087   -0.00623   -0.21965   -0.18258
  939  143.80136  397.56092   -0.00620   -0.21935   -0.18258
  940  143.01274  397.60075   -0.00617   -0.21906   -0.18258
  941  142.22516  397.64037   -0.00613   -0.21877   -0.18258
  942  141.43861  397.67977   -0.00610   -0.21848   -0.18258
  943  140.65310  397.71895   -0.00606   -0.21820   -0.18258
  944  139.86861  397.75791   -0.00603   -0.21791   -0.18258
  945  139.08514  397.79665   -0.00600   -0.21763   -0.18258
  946  138.30268  397.83518   -0.00596   -0.21735   -0.18258
  947  137.52124  397.87349   -0.00593   -0.21707   -0.18258
  948  136.74079  397.91158   -0.00589   -0.21679   -0.18258
  949  135.96135  397.94946   -0.00586   -0.21651   -0.18258
  950  135.18289  397.98711   -0.00583   -0.21624   -0.18258
  951  134.40543  398.02456   -0.00579   -0.21596   -0.18258
  952  133.62894  398.06178   -0.00576   -0.21569   -0.18258
  953  132.85344  398.09880   -0.00573   -0.21542   -0.18258
  954  132.07890  398.13559   -0.00569   -0.21515   -0.18258
  955  131.30533  398.17217   -0.00566   -0.21488   -0.18258
  956  130.53272  398.20854   -0.00563   -0.21461   -0.18258
  957  129.76106  398.24469   -0.00559   -0.21435   -0.18258
  958  128.99036  398.28063   -0.00556   -0.21408   -0.18258
  959  128.22060  398.31635   -0.00553   -0.21382   -0.18258
  960  127.45178  398.35186   -0.00549   -0.21356   -0.18258
  961  126.68389  398.38716   -0.00546   -0.21330   -0.18258
  962  125.91694  398.42224   -0.00543   -0.21304   -0.18258
  963  125.15091  398.45711   -0.00540   -0.21279   -0.18258
  964  124.38580  398.49177   -0.00536   -0.21253   -0.18258
  965  123.62160  398.52622   -0.00533   -0.21228   -0.18258
  966  122.85831  398.56045   -0.00530   -0.21202   -0.18258
  967  122.09593  398.59447   -0.00526   -0.21177   -0.18258
  968  121.33444  398.62828   -0.00523   -0.21152   -0.18258
  969  120.57385  398.66188   -0.00520   -0.21127   -0.18258
  970  119.81415  398.69527   -0.00517   -0.21103   -0.18258
  971  119.05534  398.72844   -0.00513   -0.21078   -0.18258
  972  118.29740  398.76141   -0.00510   -0.21054   -0.18258
  973  117.54034  398.79416   -0.00507   -0.21029   -0.18258
  974  116.78414  398.82671   -0.00503   -0.21005   -0.18258
  975  116.02882  398.85904   -0.00500   -0.20981   -0.18258
  976  115.27435  398.89117   -0.00497   -0.20957   -0.18258
  977  114.52074  398.92309   -0.00494   -0.20934   -0.18258
  978  113.76798  398.95479   -0.00490   -0.20910   -0.18258
  979  113.01606  398.98629   -0.00487   -0.20887   -0.18258
  980  112.26498  399.01758   -0.00484   -0.20863   -0.18258
  981  111.51475  399.04866   -0.00481   -0.20840   -0.18258
  982  110.76534  399.07953   -0.00477   -0.20817   -0.18258
  983  110.01676  399.11020   -0.00474   -0.20794   -0.18258
  984  109.26900  399.14065   -0.00471   -0.20771   -0.18258
  985  108.52205  399.17090   -0.00468   -0.20748   -0.18258
  986  107.77592  399.20094   -0.00465   -0.20726   -0.18258
  987  107.03060  399.23078   -0.00461   -0.20703   -0.18258
  988  106.28608  399.26040   -0.00458   -0.20681   -0.18258
  989  105.54237  399.28982   -0.00455   -0.20659   -0.18258
  990  104.79944  399.31904   -0.00452   -0.20637   -0.18258
  991  104.05730  399.34805   -0.00449   -0.20615   -0.18258
  992  103.31595  399.37685   -0.00445   -0.20593   -0.18258
  993  102.57538  399.40544   -0.00442   -0.20571   -0.18258
  994  101.83559  399.43384   -0.00439   -0.20550   -0.18258
  995  101.09656  399.46202   -0.00436   -0.20528   -0.18258
  996  100.35831  399.49000   -0.00433   -0.20507   -0.18258
  997   99.62081  399.51778   -0.00429   -0.20486   -0.18258
  998   98.88408  399.54535   -0.00426   -0.20465   -0.18258
  999   98.14809  399.57271   -0.00423   -0.20444   -0.18258
 1000   97.41286  399.59987   -0.00420   -0.20423   -0.18258
 1001   96.67837  399.62683   -0.00417   -0.20402   -0.18258
 1002   95.94462  399.65358   -0.00414   -0.20382   -0.18258
 1003   95.21161  399.68013   -0.00410   -0.20361   -0.18258
 1004   94.47933  399.70648   -0.00407   -0.20341   -0.18258
 1005   93.74778  399.73262   -0.00404   -0.20321   -0.18258
 1006   93.01694  399.75856   -0.00401   -0.20301   -0.18258
 1007   92.28683  399.78430   -0.00398   -0.20281   -0.18258
 1008   91.55743  399.80983   -0.00395   -0.20261   -0.18258
 1009   90.82874  399.83516   -0.00392   -0.20241   -0.18258
 1010   90.10076  399.86029   -0.00388   -0.20222   -0.18258
 1011   89.37348  399.88522   -0.00385   -0.20202   -0.18258
 1012   88.64689  399.90994   -0.00382   -0.20183   -0.18258
 1013   87.92100  399.93447   -0.00379   -0.20164   -0.18258
 1014   87.19580  399.95879   -0.00376   -0.20145   -0.18258
 1015   86.47128  399.98291   -0.00373   -0.20126   -0.18258
 1016   85.74744  400.00683   -0.00370   -0.20107   -0.18258
 1017   85.02428  400.03055   -0.00367   -0.20088   -0.18258
 1018   84.30179  400.05406   -0.00363   -0.20069   -0.18258
 1019   83.57996  400.07738   -0.00360   -0.20051   -0.18258
 1020   82.85881  400.10050   -0.00357   -0.20032   -0.18258
 1021   82.13831  400.12341   -0.00354   -0.20014   -0.18258
 1022   81.41846  400.14613   -0.00351   -0.19996   -0.18258
 1023   80.69927  400.16865   -0.00348   -0.19978   -0.18258
 1024   79.98072  400.19096   -0.00345   -0.19960   -0.18258
 1025   79.26282  400.21308   -0.00342   -0.19942   -0.18258
 1026   78.54556  400.23500   -0.00339   -0.19924   -0.18258
 1027   77.82893  400.25672   -0.00336   -0.19906   -0.18258
 1028   77.11293  400.27824   -0.00332   -0.19889   -0.18258
 1029   76.39756  400.29956   -0.00329   -0.19871   -0.18258
 1030   75.68281  400.32068   -0.00326   -0.19854   -0.18258
 1031   74.96868  400.34160   -0.00323   -0.19837   -0.18258
 1032   74.25517  400.36233   -0.00320   -0.19820   -0.18258
 1033   73.54226  400.38286   -0.00317   -0.19803   -0.18258
 1034   72.82997  400.40319   -0.00314   -0.19786   -0.18258
 1035   72.11828  400.42332   -0.00311   -0.19769   -0.18258
 1036   71.40718  400.44325   -0.00308   -0.19753   -0.18258
 1037   70.69668  400.46299   -0.00305   -0.19736   -0.18258
 1038   69.98678  400.48253   -0.00302   -0.19720   -0.18258
 1039   69.27746  400.50187   -0.00299   -0.19703   -0.18258
 1040   68.56872  400.52101   -0.00296   -0.19687   -0.18258
 1041   67.86056  400.53996   -0.00293   -0.19671   -0.18258
 1042   67.15298  400.55872   -0.00289   -0.19655   -0.18258
 1043   66.44598  400.57727   -0.00286   -0.19639   -0.18258
 1044   65.73953  400.59563   -0.00283   -0.19623   -0.18258
 1045   65.03366  400.61379   -0.00280   -0.19608   -0.18258
 1046   64.32834  400.63176   -0.00277   -0.19592   -0.18258
 1047   63.62358  400.64953   -0.00274   -0.19577   -0.18258
 1048   62.91938  400.66711   -0.00271   -0.19561   -0.18258
 1049   62.21572  400.68449   -0.00268   -0.19546   -0.18258
 1050   61.51261  400.70167   -0.00265   -0.19531   -0.18258
 1051   60.81004  400.71866   -0.00262   -0.19516   -0.18258
 1052   60.10801  400.73545   -0.00259   -0.19501   -0.18258
 1053   59.40651  400.75205   -0.00256   -0.19486   -0.18258
 1054   58.70554  400.76846   -0.00253   -0.19471   -0.18258
 1055   58.00510  400.78467   -0.00250   -0.19457   -0.18258
 1056   57.30518  400.80068   -0.00247   -0.19442   -0.18258
 1057   56.60578  400.81650   -0.00244   -0.19428   -0.18258
 1058   55.90690  400.83213   -0.00241   -0.19413   -0.18258
 1059   55.20853  400.84756   -0.00238   -0.19399   -0.18258
 1060   54.51066  400.86280   -0.00235   -0.19385   -0.18258
 1061   53.81331  400.87785   -0.00232   -0.19371   -0.18258
 1062   53.11645  400.89270   -0.00229   -0.19357   -0.18258
 1063   52.42009  400.90736   -0.00226   -0.19343   -0.18258
 1064   51.72422  400.92182   -0.00223   -0.19330   -0.18258
 1065   51.02884  400.93609   -0.00220   -0.19316   -0.18258
 1066   50.33395  400.95017   -0.00217   -0.19303   -0.18258
 1067   49.63954  400.96406   -0.00214   -0.19289   -0.18258
 1068   48.94561  400.97775   -0.00211   -0.19276   -0.18258
 1069   48.25216  400.99125   -0.00208   -0.19263   -0.18258
 1070   47.55918  401.00455   -0.00205   -0.19249   -0.18258
 1071   46.86667  401.01767   -0.00202   -0.19236   -0.18258
 1072   46.17462  401.03059   -0.00199   -0.19224   -0.18258
 1073   45.48303  401.04332   -0.00196   -0.19211   -0.18258
 1074   44.79190  401.05586   -0.00193   -0.19198   -0.18258
 1075   44.10123  401.06821   -0.00190   -0.19185   -0.18258
 1076   43.41100  401.08036   -0.00187   -0.19173   -0.18258
 1077   42.72123  401.09232   -0.00184   -0.19160   -0.18258
 1078   42.03189  401.10409   -0.00181   -0.19148   -0.18258
 1079   41.34300  401.11567   -0.00178   -0.19136   -0.18258
 1080   40.65454  401.12706   -0.00175   -0.19124   -0.18258
 1081   39.96652  401.13826   -0.00172   -0.19112   -0.18258
 1082   39.27893  401.14927   -0.00169   -0.19100   -0.18258
 1083   38.59176  401.16008   -0.00166   -0.19088   -0.18258
 1084   37.90502  401.17071   -0.00163   -0.19076   -0.18258
 1085   37.21869  401.18114   -0.00160   -0.19065   -0.18258
 1086   36.53278  401.19138   -0.00157   -0.19053   -0.18258
 1087   35.84729  401.20144   -0.00155   -0.19042   -0.18258
 1088   35.16220  401.21130   -0.00152   -0.19030   -0.18258
 1089   34.47752  401.22097   -0.00149   -0.19019   -0.18258
 1090   33.79324  401.23045   -0.00146   -0.19008   -0.18258
 1091   33.10936  401.23975   -0.00143   -0.18997   -0.18258
 1092   32.42588  401.24885   -0.00140   -0.18986   -0.18258
 1093   31.74279  401.25776   -0.00137   -0.18975   -0.18258
 1094   31.06008  401.26648   -0.00134   -0.18964   -0.18258
 1095   30.37777  401.27502   -0.00131   -0.18953   -0.18258
 1096   29.69583  401.28336   -0.00128   -0.18943   -0.18258
 1097   29.01427  401.29151   -0.00125   -0.18932   -0.18258
 1098   28.33309  401.29948   -0.00122   -0.18922   -0.18258
 1099   27.65228  401.30725   -0.00119   -0.18911   -0.18258
 1100   26.97184  401.31484   -0.00116   -0.18901   -0.18258
 1101   26.29176  401.32224   -0.00113   -0.18891   -0.18258
 1102   25.61205  401.32945   -0.00110   -0.18881   -0.18258
 1103   24.93269  401.33647   -0.00107   -0.18871   -0.18258
 1104   24.25369  401.34330   -0.00105   -0.18861   -0.18258
 1105   23.57505  401.34994   -0.00102   -0.18851   -0.18258
 1106   22.89675  401.35640   -0.00099   -0.18842   -0.18258
 1107   22.21879  401.36266   -0.00096   -0.18832   -0.18258
 1108   21.54118  401.36874   -0.00093   -0.18823   -0.18258
 1109   20.86391  401.37463   -0.00090   -0.18813   -0.18258
 1110   20.18697  401.38033   -0.00087   -0.18804   -0.18258
 1111   19.51037  401.38584   -0.00084   -0.18795   -0.18258
 1112   18.83410  401.39117   -0.00081   -0.18785   -0.18258
 1113   18.15815  401.39631   -0.00078   -0.18776   -0.18258
 1114   17.48252  401.40126   -0.00075   -0.18767   -0.18258
 1115   16.80721  401.40602   -0.00072   -0.18759   -0.18258
 1116   16.13222  401.41060   -0.00070   -0.18750   -0.18258
 1117   15.45754  401.41498   -0.00067   -0.18741   -0.18258
 1118   14.78318  401.41918   -0.00064   -0.18732   -0.18258
 1119   14.10911  401.42320   -0.00061   -0.18724   -0.18258
 1120   13.43536  401.42702   -0.00058   -0.18716   -0.18258
 1121   12.76190  401.43066   -0.00055   -0.18707   -0.18258
 1122   12.08874  401.43411   -0.00052   -0.18699   -0.18258
 1123   11.41587  401.43738   -0.00049   -0.18691   -0.18258
 1124   10.74329  401.44045   -0.00046   -0.18683   -0.18258
 1125   10.07100  401.44334   -0.00043   -0.18675   -0.18258
 1126    9.39900  401.44605   -0.00041   -0.18667   -0.18258
 1127    8.72727  401.44857   -0.00038   -0.18659   -0.18258
 1128    8.05583  401.45090   -0.00035   -0.18651   -0.18258
 1129    7.38466  401.45304   -0.00032   -0.18644   -0.18258
 1130    6.71376  401.45500   -0.00029   -0.18636   -0.18258
 1131    6.04312  401.45677   -0.00026   -0.18629   -0.18258
 1132    5.37276  401.45836   -0.00023   -0.18621   -0.18258
 1133    4.70265  401.45976   -0.00020   -0.18614   -0.18258
 1134    4.03281  401.46097   -0.00017   -0.18607   -0.18258
 1135    3.36322  401.46200   -0.00014   -0.18600   -0.18258
 1136    2.69388  401.46284   -0.00012   -0.18593   -0.18258
 1137    2.02479  401.46349   -0.00009   -0.18586   -0.18258
 1138    1.35595  401.46396   -0.00006   -0.18579   -0.18258
 1139    0.68736  401.46425   -0.00003   -0.18572   -0.18258
 1140    0.01900  401.46434   -0.00000   -0.18565   -0.18258
 1141    0.00000  401.46434    0.00000    0.00000    0.00000
 1142    0.00000  401.46434    0.00000    0.00000    0.00000
 1143    0.00000  401.46434    0.00000    0.00000    0.00000
 1144    0.00000  401.46434    0.00000    0.00000    0.00000
 1145    0.00000  401.46434    0.00000    0.00000    0.00000
 1146    0.00000  401.46434    0.00000    0.00000    0.00000
 1147    0.00000  401.46434    0.00000    0.00000    0.00000
 1148    0.00000  401.46434    0.00000    0.00000    0.00000
 1149    0.00000  401.46434    0.00000    0.00000    0.00000
 1150    0.00000  401.46434    0.00000    0.00000    0.00000
 1151    0.00000  401.46434    0.00000    0.00000    0.00000
 1152    0.00000  401.46434    0.00000    0.00000    0.00000
 1153    0.00000  401.46434    0.00000    0.00000    0.00000
 1154    0.00000  401.46434    0.00000    0.00000    0.00000
 1155    0.00000  401.46434    0.00000    0.00000    0.00000
 1156    0.00000  401.46434    0.00000    0.00000    0.00000
 1157    0.00000  401.46434    0.00000    0.00000    0.00000
 1158    0.00000  401.46434    0.00000    0.00000    0.00000
 1159    0.00000  401.46434    0.00000    0.00000    0.00000
 1160    0.00000  401.46434    0.00000    0.00000    0.00000
 1161    0.00000  401.46434    0.00000    0.00000    0.00000
 1162    0.00000  401.46434    0.00000    0.00000    0.00000
 1163    0.00000  401.46434    0.00000    0.00000    0.00000
 1164    0.00000  401.46434    0.00000    0.00000    0.00000
 1165    0.00000  401.46434    0.00000    0.00000    0.00000
 1166    0.00000  401.46434    0.00000    0.00000    0.00000
 1167    0.00000  401.46434    0.00000    0.00000    0.00000
 1168    0.00000  401.46434    0.00000    0.00000    0.00000
 1169    0.00000  401.46434    0.00000    0.00000    0.00000
 1170    0.00000  401.46434    0.00000    0.00000    0.00000
 1171    0.00000  401.46434    0.00000    0.00000    0.00000
 1172    0.00000  401.46434    0.00000    0.00000    0.00000
 1173    0.00000  401.46434    0.00000    0.00000    0.00000
 1174    0.00000  401.46434    0.00000    0.00000    0.00000
 1175    0.00000  401.46434    0.00000    0.00000    0.00000
 1176    0.00000  401.46434    0.00000    0.00000    0.00000
 1177    0.00000  401.46434    0.00000    0.00000    0.00000
 1178    0.00000  401.46434    0.00000    0.00000    0.00000
 1179    0.00000  401.46434    0.00000    0.00000    0.00000
 1180    0.00000  401.46434    0.00000    0.00000    0.00000
 1181    0.00000  401.46434    0.00000    0.00000    0.00000
 1182    0.00000  401.46434    0.00000    0.00000    0.00000
 1183    0.00000  401.46434    0.00000    0.00000    0.00000
 1184    0.00000  401.46434    0.00000    0.00000    0.00000
 1185    0.00000  401.46434    0.00000    0.00000    0.00000
 1186    0.00000  401.46434    0.00000    0.00000    0.00000
 1187    0.00000  401.46434    0.00000    0.00000    0.00000
 1188    0.00000  401.46434    0.00000    0.00000    0.00000
 1189    0.00000  401.46434    0.00000    0.00000    0.00000
 1190    0.00000  401.46434    0.00000    0.00000    0.00000
 1191    0.00000  401.46434    0.00000    0.00000    0.00000
 1192    0.00000  401.46434    0.00000    0.00000    0.00000
 1193    0.00000  401.46434    0.00000    0.00000    0.00000
 1194    0.00000  401.46434    0.00000    0.00000    0.00000
 1195    0.00000  401.46434    0.00000    0.00000    0.00000
 1196    0.00000  401.46434    0.00000    0.00000    0.00000
 1197    0.00000  401.46434    0.00000    0.00000    0.00000
 1198    0.00000  401.46434    0.00000    0.00000    0.00000
 1199    0.00000  401.46434    0.00000    0.00000    0.00000
 1200    0.00000  401.46434    0.00000    0.00000    0.00000
