    0    0.00000   58.37000    0.00000    0.00000    0.00000
    1    1.84146   58.37026    0.25576    0.51152  425.00000
    2    3.68227   58.37102    0.51143    0.51133  425.00000
    3    5.52239   58.37230    0.76700    0.51114  425.00000
    4    7.36180   58.37409    1.02247    0.51095  425.00000
    5    9.20049   58.37639    1.27785    0.51075  425.00000
    6   11.03843   58.37920    1.53311    0.51054  425.00000
    7   12.87559   58.38252    1.78828    0.51032  425.00000
    8   14.71196   58.38636    2.04333    0.51010  425.00000
    9   16.54750   58.39070    2.29826    0.50987  425.00000
   10   18.38221   58.39555    2.55308    0.50964  425.00000
   11   20.21606   58.40091    2.80779    0.50940  425.00000
   12   22.04901   58.40678    3.06236    0.50916  425.00000
   13   23.88107   58.41316    3.31681    0.50890  425.00000
   14   25.71219   58.42005    3.57114    0.50864  425.00000
   15   27.54236   58.42744    3.82533    0.50838  425.00000
   16   29.37155   58.43535    4.07938    0.50811  425.00000
   17   31.19975   58.44376    4.33330    0.50783  425.00000
   18   33.02693   58.45268    4.58707    0.50755  425.00000
   19   34.85308   58.46211    4.84070    0.50726  425.00000
   20   36.67815   58.47204    5.09419    0.50697  425.00000
   21   38.50215   58.48248    5.34752    0.50667  425.00000
   22   40.32504   58.49343    5.60070    0.50636  425.00000
   23   42.14680   58.50489    5.85372    0.50604  425.00000
   24   43.96741   58.51685    6.10658    0.50573  425.00000
   25   45.78685   58.52931    6.35928    0.50540  425.00000
   26   47.60510   58.54228    6.61182    0.50507  425.00000
   27   49.42213   58.55576    6.86418    0.50473  425.00000
   28   51.23793   58.56974    7.11638    0.50439  425.00000
   29   53.05247   58.58423    7.36840    0.50404  425.00000
   30   54.86573   58.59921    7.62024    0.50368  425.00000
   31   56.67770   58.61471    7.87190    0.50332  425.00000
   32   58.48834   58.63070    8.12338    0.50296  425.00000
   33   60.29764   58.64720    8.37467    0.50258  425.00000
   34   62.10557   58.66420    8.62577    0.50220  425.00000
   35   63.91212   58.68170    8.87668    0.50182  425.00000
   36   65.71727   58.69971    9.12740    0.50143  425.00000
   37   67.52099   58.71821    9.37791    0.50103  425.00000
   38   69.32326   58.73722    9.62823    0.50063  425.00000
   39   71.12406   58.75673    9.87834    0.50022  425.00000
   40   72.92338   58.77673   10.12825    0.49981  425.00000
   41   74.72118   58.79724   10.37794    0.49939  425.00000
   42   76.51746   58.81824   10.62743    0.49897  425.00000
   43   78.31219   58.83975   10.87669    0.49853  425.00000
   44   80.10534   58.86175   11.12574    0.49810  425.00000
   45   81.89690   58.88425   11.37457    0.49766  425.00000
   46   83.68686   58.90725   11.62317    0.49721  425.00000
   47   85.47518   58.93074   11.87155    0.49676  425.00000
   48   87.26184   58.95473   12.11970    0.49630  425.00000
   49   89.04684   58.97922   12.36762    0.49583  425.00000
   50   90.83015   59.00420   12.61530    0.49536  425.00000
   51   92.61174   59.02968   12.86274    0.49489  425.00000
   52   94.39160   59.05565   13.10994    0.49441  425.00000
   53   96.16971   59.08212   13.35690    0.49392  425.00000
   54   97.94605   59.10908   13.60362    0.49343  425.00000
   55   99.72060   59.13654   13.85008    0.49293  425.00000
   56  101.49334   59.16448   14.09630    0.49243  425.00000
   57  103.26425   59.19292   14.34226    0.49192  425.00000
   58  105.03331   59.22185   14.58796    0.49141  425.00000
   59  106.80050   59.25127   14.83340    0.49089  425.00000
   60  108.56581   59.28118   15.07858    0.49036  425.00000
   61  110.32921   59.31159   15.32350    0.48983  425.00000
   62  112.09069   59.34248   15.56815    0.48930  425.00000
   63  113.85022   59.37386   15.81253    0.48876  425.00000
   64  115.60779   59.40573   16.05664    0.48821  425.00000
   65  117.36337   59.43809   16.30047    0.48766  425.00000
   66  119.11696   59.47093   16.54402    0.48711  425.00000
   67  120.86853   59.50426   16.78730    0.48655  425.00000
   68  122.61807   59.53808   17.03029    0.48598  425.00000
   69  124.36554   59.57238   17.27299    0.48541  425.00000
   70  126.11095   59.60717   17.51541    0.48483  425.00000
   71  127.85426   59.64244   17.75754    0.48425  425.00000
   72  129.59546   59.67820   17.99937    0.48367  425.00000
   73  131.33454   59.71444   18.24091    0.48308  425.00000
   74  133.07147   59.75116   18.48215    0.48248  425.00000
   75  134.80624   59.78837   18.72309    0.48188  425.00000
   76  136.53883   59.82606   18.96373    0.48127  425.00000
   77  138.26922   59.86422   19.20406    0.48066  425.00000
   78  139.99739   59.90287   19.44408    0.48005  425.00000
   79  141.72333   59.94200   19.68380    0.47943  425.00000
   80  143.44702   59.98161   19.92320    0.47880  425.00000
   81  145.16845   60.02169   20.16228    0.47817  425.00000
   82  146.88758   60.06226   20.40105    0.47754  425.00000
   83  148.60442   60.10330   20.63950    0.47690  425.00000
   84  150.31894   60.14481   20.87763    0.47626  425.00000
   85  152.02720   60.18681   21.07009    0.47452  424.09825
   86  153.71233   60.22927   21.06426    0.46809  419.33287
   87  155.37510   60.27220   21.05870    0.46188  414.73575
   88  157.01621   60.31559   21.05338    0.45586  410.29739
   89  158.63631   60.35943   21.04829    0.45003  406.00904
   90  160.23605   60.40371   21.04342    0.44437  401.86260
   91  161.81601   60.44844   21.03875    0.43888  397.85056
   92  163.37677   60.49361   21.03428    0.43354  393.96596
   93  164.91886   60.53921   21.02998    0.42836  390.20236
   94  166.44279   60.58523   21.02584    0.42332  386.55374
   95  167.94906   60.63167   21.02187    0.41841  383.01449
   96  169.43812   60.67853   21.01805    0.41363  379.57938
   97  170.91043   60.72580   21.01436    0.40897  376.24355
   98  172.36639   60.77348   21.01081    0.40444  373.00241
   99  173.80643   60.82156   21.00739    0.40001  369.85168
  100  175.23092   60.87004   21.00408    0.39569  366.78736
  101  176.64023   60.91891   21.00089    0.39148  363.80567
  102  178.03472   60.96817   20.99780    0.38736  360.90307
  103  179.41472   61.01781   20.99482    0.38334  358.07623
  104  180.78058   61.06784   20.99193    0.37940  355.32201
  105  182.13259   61.11824   20.98914    0.37556  352.63744
  106  183.47105   61.16902   20.98643    0.37180  350.01974
  107  184.79627   61.22017   20.98381    0.36811  347.46626
  108  186.10851   61.27169   20.98127    0.36451  344.97450
  109  187.40804   61.32356   20.97881    0.36098  342.54211
  110  188.69512   61.37580   20.97641    0.35752  340.16684
  111  189.97000   61.42839   20.97409    0.35413  337.84658
  112  191.23292   61.48134   20.97183    0.35081  335.57930
  113  192.48411   61.53463   20.96964    0.34755  333.36311
  114  193.72379   61.58827   20.96751    0.34436  331.19617
  115  194.95219   61.64225   20.96544    0.34122  329.07677
  116  196.16950   61.69658   20.96342    0.33814  327.00326
  117  197.37593   61.75124   20.96146    0.33512  324.97407
  118  198.57167   61.80623   20.95955    0.33215  322.98771
  119  199.75692   61.86155   20.95768    0.32924  321.04277
  120  200.93185   61.91720   20.95587    0.32637  319.13788
  121  202.09665   61.97318   20.95410    0.32355  317.27174
  122  203.25148   62.02948   20.95238    0.32079  315.44313
  123  204.39651   62.08609   20.95070    0.31806  313.65085
  124  205.53191   62.14303   20.94906    0.31539  311.89377
  125  206.65782   62.20028   20.94746    0.31275  310.17082
  126  207.77440   62.25784   20.94590    0.31016  308.48095
  127  208.88181   62.31571   20.94437    0.30761  306.82316
  128  209.98017   62.37388   20.94288    0.30510  305.19652
  129  211.06964   62.43236   20.94143    0.30263  303.60009
  130  212.15034   62.49114   20.94000    0.30020  302.03302
  131  213.22241   62.55022   20.93861    0.29780  300.49445
  132  214.28598   62.60960   20.93725    0.29544  298.98358
  133  215.34118   62.66927   20.93592    0.29311  297.49962
  134  216.38811   62.72923   20.93462    0.29082  296.04185
  135  217.42691   62.78948   20.93335    0.28855  294.60953
  136  218.45769   62.85002   20.93210    0.28633  293.20198
  137  219.48055   62.91085   20.93088    0.28413  291.81853
  138  220.49562   62.97195   20.92968    0.28196  290.45854
  139  221.50299   63.03334   20.92851    0.27983  289.12139
  140  222.50277   63.09501   20.92737    0.27772  287.80650
  141  223.49506   63.15695   20.92624    0.27564  286.51329
  142  224.47997   63.21917   20.92514    0.27359  285.24120
  143  225.45759   63.28166   20.92406    0.27156  283.98970
  144  226.42800   63.34443   20.92300    0.26956  282.75828
  145  227.39132   63.40746   20.92197    0.26759  281.54645
  146  228.34762   63.47075   20.92095    0.26564  280.35371
  147  229.29699   63.53432   20.91995    0.26371  279.17962
  148  230.23952   63.59814   20.91897    0.26181  278.02371
  149  231.17530   63.66223   20.91801    0.25994  276.88556
  150  232.10441   63.72657   20.91706    0.25808  275.76475
  151  233.02692   63.79117   20.91614    0.25625  274.66088
  152  233.94292   63.85603   20.91523    0.25444  273.57354
  153  234.85249   63.92114   20.91433    0.25266  272.50237
  154  235.75569   63.98650   20.91345    0.25089  271.44699
  155  236.65261   64.05211   20.91259    0.24914  270.40705
  156  237.54332   64.11797   20.91175    0.24742  269.38220
  157  238.42788   64.18408   20.91091    0.24571  268.37211
  158  239.30637   64.25043   20.91009    0.24402  267.37645
  159  240.17885   64.31703   20.90929    0.24236  266.39492
  160  241.04540   64.38387   20.90850    0.24071  265.42720
  161  241.90607   64.45094   20.90772    0.23908  264.47300
  162  242.76094   64.51826   20.90696    0.23746  263.53203
  163  243.61006   64.58581   20.90620    0.23587  262.60402
  164  244.45350   64.65360   20.90546    0.23429  261.68870
  165  245.29132   64.72162   20.90474    0.23273  260.78579
  166  246.12357   64.78987   20.90402    0.23118  259.89505
  167  246.95032   64.85835   20.90331    0.22965  259.01623
  168  247.77162   64.92706   20.90262    0.22814  258.14909
  169  248.58753   64.99600   20.90194    0.22664  257.29339
  170  249.39811   65.06516   20.90127    0.22516  256.44890
  171  250.20340   65.13455   20.90060    0.22369  255.61541
  172  251.00347   65.20417   20.89995    0.22224  254.79270
  173  251.79836   65.27400   20.89931    0.22080  253.98056
  174  252.58812   65.34405   20.89868    0.21938  253.17878
  175  253.37281   65.41433   20.89805    0.21797  252.38716
  176  254.15248   65.48481   20.89744    0.21657  251.60553
  177  254.92717   65.55552   20.89684    0.21519  250.83367
  178  255.69694   65.62644   20.89624    0.21382  250.07142
  179  256.46183   65.69757   20.89565    0.21247  249.31859
  180  257.22188   65.76892   20.89508    0.21113  248.57500
  181  257.97715   65.84047   20.89451    0.20980  247.84050
  182  258.72767   65.91224   20.89394    0.20848  247.11491
  183  259.47349   65.98421   20.89339    0.20717  246.39808
  184  260.21466   66.05639   20.89284    0.20588  245.68983
  185  260.95122   66.12877   20.89230    0.20460  244.99004
  186  261.68321   66.20136   20.89177    0.20333  244.29853
  187  262.41067   66.27415   20.89125    0.20207  243.61517
  188  263.13365   66.34715   20.89073    0.20083  242.93981
  189  263.85217   66.42034   20.89022    0.19959  242.27232
  190  264.56629   66.49373   20.88972    0.19837  241.61256
  191  265.27604   66.56732   20.88922    0.19715  240.96040
  192  265.98146   66.64110   20.88873    0.19595  240.31571
  193  266.68259   66.71509   20.88825    0.19476  239.67836
  194  267.37947   66.78926   20.88777    0.19358  239.04822
  195  268.07212   66.86363   20.88730    0.19240  238.42519
  196  268.07212   66.93809    6.99461    0.00000   79.84235
  197  268.07212   67.01256    6.99461    0.00000   79.84235
  198  268.07212   67.08702    6.99461    0.00000   79.84235
  199  268.07212   67.16149    6.99461    0.00000   79.84235
  200  268.07212   67.23595    6.99461    0.00000   79.84235
  201  268.07212   67.31042    6.99461    0.00000   79.84235
  202  268.07212   67.38488    6.99461    0.00000   79.84235
  203  268.07212   67.45934    6.99461    0.00000   79.84235
  204  268.07212   67.53381    6.99461    0.00000   79.84235
  205  268.07212   67.60827    6.99461    0.00000   79.84235
  206  268.07212   67.68274    6.99461    0.00000   79.84235
  207  268.07212   67.75720    6.99461    0.00000   79.84235
  208  268.07212   67.83167    6.99461    0.00000   79.84235
  209  268.07212   67.90613    6.99461    0.00000   79.84235
  210  268.07212   67.98060    6.99461    0.00000   79.84235
  211  268.07212   68.05506    6.99461    0.00000   79.84235
  212  268.07212   68.12952    6.99461    0.00000   79.84235
  213  268.07212   68.20399    6.99461    0.00000   79.84235
  214  268.07212   68.27845    6.99461    0.00000   79.84235
  215  268.07212   68.35292    6.99461    0.00000   79.84235
  216  268.07212   68.42738    6.99461    0.00000   79.84235
  217  268.07212   68.50185    6.99461    0.00000   79.84235
  218  268.07212   68.57631    6.99461    0.00000   79.84235
  219  268.07212   68.65078    6.99461    0.00000   79.84235
  220  268.07212   68.72524    6.99461    0.00000   79.84235
  221  268.07212   68.79971    6.99461    0.00000   79.84235
  222  268.07212   68.87417    6.99461    0.00000   79.84235
  223  268.07212   68.94863    6.99461    0.00000   79.84235
  224  268.07212   69.02310    6.99461    0.00000   79.84235
  225  268.07212   69.09756    6.99461    0.00000   79.84235
  226  268.07212   69.17203    6.99461    0.00000   79.84235
  227  268.07212   69.24649    6.99461    0.00000   79.84235
  228  268.07212   69.32096    6.99461    0.00000   79.84235
  229  268.07212   69.39542    6.99461    0.00000   79.84235
  230  268.07212   69.46989    6.99461    0.00000   79.84235
  231  268.07212   69.54435    6.99461    0.00000   79.84235
  232  268.07212   69.61881    6.99461    0.00000   79.84235
  233  268.07212   69.69328    6.99461    0.00000   79.84235
  234  268.07212   69.76774    6.99461    0.00000   79.84235
  235  268.07212   69.84221    6.99461    0.00000   79.84235
  236  268.07212   69.91667    6.99461    0.00000   79.84235
  237  268.07212   69.99114    6.99461    0.00000   79.84235
  238  268.07212   70.06560    6.99461    0.00000   79.84235
  239  268.07212   70.14007    6.99461    0.00000   79.84235
  240  268.07212   70.21453    6.99461    0.00000   79.84235
  241  268.07212   70.28899    6.99461    0.00000   79.84235
  242  268.07212   70.36346    6.99461    0.00000   79.84235
  243  268.07212   70.43792    6.99461    0.00000   79.84235
  244  268.07212   70.51239    6.99461    0.00000   79.84235
  245  268.07212   70.58685    6.99461    0.00000   79.84235
  246  268.07212   70.66132    6.99461    0.00000   79.84235
  247  268.07212   70.73578    6.99461    0.00000   79.84235
  248  268.07212   70.81025    6.99461    0.00000   79.84235
  249  268.07212   70.88471    6.99461    0.00000   79.84235
  250  268.07212   70.95918    6.99461    0.00000   79.84235
  251  268.07212   71.03364    6.99461    0.00000   79.84235
  252  268.07212   71.10810    6.99461    0.00000   79.84235
  253  268.07212   71.18257    6.99461    0.00000   79.84235
  254  268.07212   71.25703    6.99461    0.00000   79.84235
  255  268.07212   71.33150    6.99461    0.00000   79.84235
  256  268.07212   71.40596    6.99461    0.00000   79.84235
  257  268.07212   71.48043    6.99461    0.00000   79.84235
  258  268.07212   71.55489    6.99461    0.00000   79.84235
  259  268.07212   71.62936    6.99461    0.00000   79.84235
  260  268.07212   71.70382    6.99461    0.00000   79.84235
  261  268.07212   71.77828    6.99461    0.00000   79.84235
  262  268.07212   71.85275    6.99461    0.00000   79.84235
  263  268.07212   71.92721    6.99461    0.00000   79.84235
  264  268.07212   72.00168    6.99461    0.00000   79.84235
  265  268.07212   72.07614    6.99461    0.00000   79.84235
  266  268.07212   72.15061    6.99461    0.00000   79.84235
  267  268.07212   72.22507    6.99461    0.00000   79.84235
  268  268.07212   72.29954    6.99461    0.00000   79.84235
  269  268.07212   72.37400    6.99461    0.00000   79.84235
  270  268.07212   72.44846    6.99461    0.00000   79.84235
  271  268.07212   72.52293    6.99461    0.00000   79.84235
  272  268.07212   72.59739    6.99461    0.00000   79.84235
  273  268.07212   72.67186    6.99461    0.00000   79.84235
  274  268.07212   72.74632    6.99461    0.00000   79.84235
  275  268.07212   72.82079    6.99461    0.00000   79.84235
  276  268.07212   72.89525    6.99461    0.00000   79.84235
  277  268.07212   72.96972    6.99461    0.00000   79.84235
  278  268.07212   73.04418    6.99461    0.00000   79.84235
  279  268.07212   73.11864    6.99461    0.00000   79.84235
  280  268.07212   73.19311    6.99461    0.00000   79.84235
  281  268.07212   73.26757    6.99461    0.00000   79.84235
  282  268.07212   73.34204    6.99461    0.00000   79.84235
  283  268.07212   73.41650    6.99461    0.00000   79.84235
  284  268.07212   73.49097    6.99461    0.00000   79.84235
  285  268.07212   73.56543    6.99461    0.00000   79.84235
  286  268.07212   73.63990    6.99461    0.00000   79.84235
  287  268.07212   73.71436    6.99461    0.00000   79.84235
  288  268.07212   73.78883    6.99461    0.00000   79.84235
  289  268.07212   73.86329    6.99461    0.00000   79.84235
  290  268.07212   73.93775    6.99461    0.00000   79.84235
  291  268.07212   74.01222    6.99461    0.00000   79.84235
  292  268.07212   74.08668    6.99461    0.00000   79.84235
  293  268.07212   74.16115    6.99461    0.00000   79.84235
  294  268.07212   74.23561    6.99461    0.00000   79.84235
  295  268.07212   74.31008    6.99461    0.00000   79.84235
  296  268.07212   74.38454    6.99461    0.00000   79.84235
  297  268.07212   74.45901    6.99461    0.00000   79.84235
  298  268.07212   74.53347    6.99461    0.00000   79.84235
  299  268.07212   74.60793    6.99461    0.00000   79.84235
  300  268.07212   74.68240    6.99461    0.00000   79.84235
  301  268.07212   74.75686    6.99461    0.00000   79.84235
  302  268.07212   74.83133    6.99461    0.00000   79.84235
  303  268.07212   74.90579    6.99461    0.00000   79.84235
  304  268.07212   74.98026    6.99461    0.00000   79.84235
  305  268.07212   75.05472    6.99461    0.00000   79.84235
  306  268.07212   75.12919    6.99461    0.00000   79.84235
  307  268.07212   75.20365    6.99461    0.00000   79.84235
  308  268.07212   75.27811    6.99461    0.00000   79.84235
  309  268.07212   75.35258    6.99461    0.00000   79.84235
  310  268.07212   75.42704    6.99461    0.00000   79.84235
  311  268.07212   75.50151    6.99461    0.00000   79.84235
  312  268.07212   75.57597    6.99461    0.00000   79.84235
  313  268.07212   75.65044    6.99461    0.00000   79.84235
  314  268.07212   75.72490    6.99461    0.00000   79.84235
  315  268.07212   75.79937    6.99461    0.00000   79.84235
  316  268.07212   75.87383    6.99461    0.00000   79.84235
  317  268.07212   75.94830    6.99461    0.00000   79.84235
  318  268.07212   76.02276    6.99461    0.00000   79.84235
  319  268.07212   76.09722    6.99461    0.00000   79.84235
  320  268.07212   76.17169    6.99461    0.00000   79.84235
  321  268.07212   76.24615    6.99461    0.00000   79.84235
  322  268.07212   76.32062    6.99461    0.00000   79.84235
  323  268.07212   76.39508    6.99461    0.00000   79.84235
  324  268.07212   76.46955    6.99461    0.00000   79.84235
  325  268.07212   76.54401    6.99461    0.00000   79.84235
  326  267.72414   76.61843    0.00000   -0.09666    0.00000
  327  267.37691   76.69275    0.00000   -0.09645    0.00000
  328  267.03043   76.76697    0.00000   -0.09624    0.00000
  329  266.68470   76.84110    0.00000   -0.09604    0.00000
  330  266.33971   76.91513    0.00000   -0.09583    0.00000
  331  265.99547   76.98906    0.00000   -0.09562    0.00000
  332  265.65197   77.06290    0.00000   -0.09542    0.00000
  333  265.30920   77.13665    0.00000   -0.09521    0.00000
  334  264.96717   77.21030    0.00000   -0.09501    0.00000
  335  264.62587   77.28385    0.00000   -0.09481    0.00000
  336  264.28530   77.35731    0.00000   -0.09460    0.00000
  337  263.94546   77.43068    0.00000   -0.09440    0.00000
  338  263.60635   77.50395    0.00000   -0.09420    0.00000
  339  263.26796   77.57713    0.00000   -0.09400    0.00000
  340  262.93029   77.65021    0.00000   -0.09380    0.00000
  341  262.59334   77.72320    0.00000   -0.09360    0.00000
  342  262.25711   77.79609    0.00000   -0.09340    0.00000
  343  261.92159   77.86890    0.00000   -0.09320    0.00000
  344  261.58679   77.94161    0.00000   -0.09300    0.00000
  345  261.25269   78.01422    0.00000   -0.09280    0.00000
  346  260.91930   78.08675    0.00000   -0.09261    0.00000
  347  260.58662   78.15918    0.00000   -0.09241    0.00000
  348  260.25464   78.23152    0.00000   -0.09222    0.00000
  349  259.92336   78.30376    0.00000   -0.09202    0.00000
  350  259.59278   78.37592    0.00000   -0.09183    0.00000
  351  259.26290   78.44798    0.00000   -0.09163    0.00000
  352  258.93371   78.51995    0.00000   -0.09144    0.00000
  353  258.60521   78.59183    0.00000   -0.09125    0.00000
  354  258.27740   78.66362    0.00000   -0.09106    0.00000
  355  257.95028   78.73532    0.00000   -0.09087    0.00000
  356  257.62384   78.80693    0.00000   -0.09068    0.00000
  357  257.29809   78.87845    0.00000   -0.09049    0.00000
  358  256.97302   78.94987    0.00000   -0.09030    0.00000
  359  256.64863   79.02121    0.00000   -0.09011    0.00000
  360  256.32492   79.09246    0.00000   -0.08992    0.00000
  361  256.00188   79.16361    0.00000   -0.08973    0.00000
  362  255.67951   79.23468    0.00000   -0.08955    0.00000
  363  255.35782   79.30566    0.00000   -0.08936    0.00000
  364  255.03679   79.37654    0.00000   -0.08917    0.00000
  365  254.71643   79.44734    0.00000   -0.08899    0.00000
  366  254.39673   79.51805    0.00000   -0.08880    0.00000
  367  254.07770   79.58868    0.00000   -0.08862    0.00000
  368  253.75932   79.65921    0.00000   -0.08844    0.00000
  369  253.44161   79.72965    0.00000   -0.08825    0.00000
  370  253.12455   79.80001    0.00000   -0.08807    0.00000
  371  252.80814   79.87028    0.00000   -0.08789    0.00000
  372  252.49239   79.94046    0.00000   -0.08771    0.00000
  373  252.17729   80.01055    0.00000   -0.08753    0.00000
  374  251.86283   80.08056    0.00000   -0.08735    0.00000
  375  251.54902   80.15048    0.00000   -0.08717    0.00000
  376  251.23585   80.22031    0.00000   -0.08699    0.00000
  377  250.92333   80.29005    0.00000   -0.08681    0.00000
  378  250.61145   80.35971    0.00000   -0.08663    0.00000
  379  250.30020   80.42928    0.00000   -0.08646    0.00000
  380  249.98959   80.49876    0.00000   -0.08628    0.00000
  381  249.67962   80.56816    0.00000   -0.08610    0.00000
  382  249.37028   80.63747    0.00000   -0.08593    0.00000
  383  249.06156   80.70670    0.00000   -0.08575    0.00000
  384  248.75348   80.77584    0.00000   -0.08558    0.00000
  385  248.44602   80.84490    0.00000   -0.08540    0.00000
  386  248.13919   80.91387    0.00000   -0.08523    0.00000
  387  247.83298   80.98275    0.00000   -0.08506    0.00000
  388  247.52739   81.05155    0.00000   -0.08489    0.00000
  389  247.22242   81.12027    0.00000   -0.08471    0.00000
  390  246.91807   81.18890    0.00000   -0.08454    0.00000
  391  246.61433   81.25745    0.00000   -0.08437    0.00000
  392  246.31120   81.32591    0.00000   -0.08420    0.00000
  393  246.00869   81.39429    0.00000   -0.08403    0.00000
  394  245.70679   81.46258    0.00000   -0.08386    0.00000
  395  245.40549   81.53079    0.00000   -0.08369    0.00000
  396  245.10480   81.59892    0.00000   -0.08353    0.00000
  397  244.80471   81.66696    0.00000   -0.08336    0.00000
  398  244.50523   81.73492    0.00000   -0.08319    0.00000
  399  244.20634   81.80279    0.00000   -0.08302    0.00000
  400  243.90806   81.87059    0.00000   -0.08286    0.00000
  401  243.61037   81.93830    0.00000   -0.08269    0.00000
  402  243.31328   82.00593    0.00000   -0.08253    0.00000
  403  243.01678   82.07347    0.00000   -0.08236    0.00000
  404  242.72087   82.14094    0.00000   -0.08220    0.00000
  405  242.42555   82.20832    0.00000   -0.08203    0.00000
  406  242.13082   82.27562    0.00000   -0.08187    0.00000
  407  241.83667   82.34284    0.00000   -0.08171    0.00000
  408  241.54311   82.40997    0.00000   -0.08154    0.00000
  409  241.25013   82.47703    0.00000   -0.08138    0.00000
  410  240.95773   82.54400    0.00000   -0.08122    0.00000
  411  240.66592   82.61089    0.00000   -0.08106    0.00000
  412  240.37467   82.67770    0.00000   -0.08090    0.00000
  413  240.08401   82.74443    0.00000   -0.08074    0.00000
  414  239.79392   82.81108    0.00000   -0.08058    0.00000
  415  239.50440   82.87765    0.00000   -0.08042    0.00000
  416  239.21545   82.94414    0.00000   -0.08026    0.00000
  417  238.92707   83.01055    0.00000   -0.08011    0.00000
  418  238.63926   83.07688    0.00000   -0.07995    0.00000
  419  238.35201   83.14313    0.00000   -0.07979    0.00000
  420  238.06533   83.20930    0.00000   -0.07963    0.00000
  421  237.77921   83.27539    0.00000   -0.07948    0.00000
  422  237.49365   83.34140    0.00000   -0.07932    0.00000
  423  237.20865   83.40733    0.00000   -0.07917    0.00000
  424  236.92421   83.47318    0.00000   -0.07901    0.00000
  425  236.64032   83.53895    0.00000   -0.07886    0.00000
  426  236.35699   83.60465    0.00000   -0.07870    0.00000
  427  236.07420   83.67026    0.00000   -0.07855    0.00000
  428  235.79197   83.73580    0.00000   -0.07840    0.00000
  429  235.51029   83.80126    0.00000   -0.07824    0.00000
  430  235.22916   83.86664    0.00000   -0.07809    0.00000
  431  234.94857   83.93194    0.00000   -0.07794    0.00000
  432  234.66853   83.99716    0.00000   -0.07779    0.00000
  433  234.38903   84.06231    0.00000   -0.07764    0.00000
  434  234.11007   84.12738    0.00000   -0.07749    0.00000
  435  233.83165   84.19237    0.00000   -0.07734    0.00000
  436  233.55377   84.25729    0.00000   -0.07719    0.00000
  437  233.27642   84.32212    0.00000   -0.07704    0.00000
  438  232.99961   84.38688    0.00000   -0.07689    0.00000
  439  232.72333   84.45157    0.00000   -0.07674    0.00000
  440  232.44759   84.51618    0.00000   -0.07660    0.00000
  441  232.17237   84.58071    0.00000   -0.07645    0.00000
  442  231.89769   84.64516    0.00000   -0.07630    0.00000
  443  231.62353   84.70954    0.00000   -0.07616    0.00000
  444  231.34990   84.77384    0.00000   -0.07601    0.00000
  445  231.07679   84.83807    0.00000   -0.07586    0.00000
  446  230.80420   84.90222    0.00000   -0.07572    0.00000
  447  230.53214   84.96629    0.00000   -0.07557    0.00000
  448  230.26059   85.03029    0.00000   -0.07543    0.00000
  449  229.98957   85.09421    0.00000   -0.07529    0.00000
  450  229.71906   85.15806    0.00000   -0.07514    0.00000
  451  229.44906   85.22184    0.00000   -0.07500    0.00000
  452  229.17958   85.28553    0.00000   -0.07486    0.00000
  453  228.91061   85.34916    0.00000   -0.07471    0.00000
  454  228.64215   85.41271    0.00000   -0.07457    0.00000
  455  228.37421   85.47618    0.00000   -0.07443    0.00000
  456  228.10676   85.53958    0.00000   -0.07429    0.00000
  457  227.83983   85.60291    0.00000   -0.07415    0.00000
  458  227.57340   85.66616    0.00000   -0.07401    0.00000
  459  227.30748   85.72934    0.00000   -0.07387    0.00000
  460  227.04205   85.79244    0.00000   -0.07373    0.00000
  461  226.77713   85.85547    0.00000   -0.07359    0.00000
  462  226.51271   85.91843    0.00000   -0.07345    0.00000
  463  226.24878   85.98131    0.00000   -0.07331    0.00000
  464  225.98535   86.04412    0.00000   -0.07317    0.00000
  465  225.72242   86.10686    0.00000   -0.07304    0.00000
  466  225.45998   86.16952    0.00000   -0.07290    0.00000
  467  225.19803   86.23211    0.00000   -0.07276    0.00000
  468  224.93658   86.29463    0.00000   -0.07263    0.00000
  469  224.67561   86.35708    0.00000   -0.07249    0.00000
  470  224.41513   86.41945    0.00000   -0.07236    0.00000
  471  224.15514   86.48175    0.00000   -0.07222    0.00000
  472  223.89563   86.54398    0.00000   -0.07209    0.00000
  473  223.63661   86.60614    0.00000   -0.07195    0.00000
  474  223.37807   86.66823    0.00000   -0.07182    0.00000
  475  223.12001   86.73024    0.00000   -0.07168    0.00000
  476  222.86244   86.79218    0.00000   -0.07155    0.00000
  477  222.60534   86.85405    0.00000   -0.07142    0.00000
  478  222.34871   86.91585    0.00000   -0.07128    0.00000
  479  222.09257   86.97758    0.00000   -0.07115    0.00000
  480  221.83690   87.03924    0.00000   -0.07102    0.00000
  481  221.58170   87.10082    0.00000   -0.07089    0.00000
  482  221.32697   87.16234    0.00000   -0.07076    0.00000
  483  221.07272   87.22378    0.00000   -0.07063    0.00000
  484  220.81893   87.28516    0.00000   -0.07050    0.00000
  485  220.56562   87.34646    0.00000   -0.07037    0.00000
  486  220.31276   87.40769    0.00000   -0.07024    0.00000
  487  220.06038   87.46886    0.00000   -0.07011    0.00000
  488  219.80846   87.52995    0.00000   -0.06998    0.00000
  489  219.55700   87.59097    0.00000   -0.06985    0.00000
  490  219.30600   87.65192    0.00000   -0.06972    0.00000
  491  219.05547   87.71281    0.00000   -0.06959    0.00000
  492  218.80539   87.77362    0.00000   -0.06947    0.00000
  493  218.55577   87.83437    0.00000   -0.06934    0.00000
  494  218.30661   87.89504    0.00000   -0.06921    0.00000
  495  218.05790   87.95565    0.00000   -0.06909    0.00000
  496  217.49110   88.01614    0.00000   -0.15745    0.00000
  497  216.92533   88.07648    0.00000   -0.15716    0.00000
  498  216.36059   88.13666    0.00000   -0.15687    0.00000
  499  215.79688   88.19668    0.00000   -0.15659    0.00000
  500  215.23418   88.25654    0.00000   -0.15630    0.00000
  501  214.67251   88.31625    0.00000   -0.15602    0.00000
  502  214.11184   88.37581    0.00000   -0.15574    0.00000
  503  213.55219   88.43520    0.00000   -0.15546    0.00000
  504  212.99354   88.49445    0.00000   -0.15518    0.00000
  505  212.43590   88.55353    0.00000   -0.15490    0.00000
  506  211.87925   88.61247    0.00000   -0.15462    0.00000
  507  211.32359   88.67124    0.00000   -0.15435    0.00000
  508  210.76893   88.72987    0.00000   -0.15407    0.00000
  509  210.21525   88.78834    0.00000   -0.15380    0.00000
  510  209.66255   88.84665    0.00000   -0.15353    0.00000
  511  209.11083   88.90482    0.00000   -0.15326    0.00000
  512  208.56009   88.96283    0.00000   -0.15298    0.00000
  513  208.01032   89.02068    0.00000   -0.15271    0.00000
  514  207.46151   89.07839    0.00000   -0.15245    0.00000
  515  206.91367   89.13594    0.00000   -0.15218    0.00000
  516  206.36678   89.19334    0.00000   -0.15191    0.00000
  517  205.82086   89.25059    0.00000   -0.15165    0.00000
  518  205.27588   89.30769    0.00000   -0.15138    0.00000
  519  204.73186   89.36463    0.00000   -0.15112    0.00000
  520  204.18878   89.42143    0.00000   -0.15086    0.00000
  521  203.64664   89.47807    0.00000   -0.15059    0.00000
  522  203.10543   89.53456    0.00000   -0.15033    0.00000
  523  202.56517   89.59091    0.00000   -0.15007    0.00000
  524  202.02583   89.64710    0.00000   -0.14982    0.00000
  525  201.48742   89.70314    0.00000   -0.14956    0.00000
  526  201.26848   89.75908    0.00000   -0.06082    0.00000
  527  201.04992   89.81496    0.00000   -0.06071    0.00000
  528  200.83173   89.87078    0.00000   -0.06061    0.00000
  529  200.61392   89.92653    0.00000   -0.06050    0.00000
  530  200.39647   89.98223    0.00000   -0.06040    0.00000
  531  200.17940   90.03786    0.00000   -0.06030    0.00000
  532  199.96270   90.09344    0.00000   -0.06019    0.00000
  533  199.74637   90.14895    0.00000   -0.06009    0.00000
  534  199.53040   90.20441    0.00000   -0.05999    0.00000
  535  199.31481   90.25980    0.00000   -0.05989    0.00000
  536  199.09958   90.31514    0.00000   -0.05979    0.00000
  537  198.88471   90.37041    0.00000   -0.05968    0.00000
  538  198.67021   90.42563    0.00000   -0.05958    0.00000
  539  198.45607   90.48079    0.00000   -0.05948    0.00000
  540  198.24230   90.53588    0.00000   -0.05938    0.00000
  541  198.02889   90.59092    0.00000   -0.05928    0.00000
  542  197.81583   90.64590    0.00000   -0.05918    0.00000
  543  197.60314   90.70082    0.00000   -0.05908    0.00000
  544  197.39081   90.75568    0.00000   -0.05898    0.00000
  545  197.17883   90.81048    0.00000   -0.05888    0.00000
  546  196.96722   90.86522    0.00000   -0.05878    0.00000
  547  196.75595   90.91991    0.00000   -0.05868    0.00000
  548  196.54505   90.97453    0.00000   -0.05859    0.00000
  549  196.33450   91.02910    0.00000   -0.05849    0.00000
  550  196.12430   91.08361    0.00000   -0.05839    0.00000
  551  195.91445   91.13806    0.00000   -0.05829    0.00000
  552  195.70496   91.19245    0.00000   -0.05819    0.00000
  553  195.49581   91.24678    0.00000   -0.05810    0.00000
  554  195.28702   91.30106    0.00000   -0.05800    0.00000
  555  195.07858   91.35528    0.00000   -0.05790    0.00000
  556  194.87048   91.40943    0.00000   -0.05780    0.00000
  557  194.66273   91.46354    0.00000   -0.05771    0.00000
  558  194.45533   91.51758    0.00000   -0.05761    0.00000
  559  194.24827   91.57157    0.00000   -0.05752    0.00000
  560  194.04156   91.62550    0.00000   -0.05742    0.00000
  561  193.83519   91.67937    0.00000   -0.05732    0.00000
  562  193.62917   91.73318    0.00000   -0.05723    0.00000
  563  193.42349   91.78694    0.00000   -0.05713    0.00000
  564  193.21815   91.84064    0.00000   -0.05704    0.00000
  565  193.01315   91.89428    0.00000   -0.05694    0.00000
  566  192.80848   91.94787    0.00000   -0.05685    0.00000
  567  192.60416   92.00140    0.00000   -0.05676    0.00000
  568  192.40018   92.05487    0.00000   -0.05666    0.00000
  569  192.19653   92.10829    0.00000   -0.05657    0.00000
  570  191.99322   92.16165    0.00000   -0.05648    0.00000
  571  191.79024   92.21495    0.00000   -0.05638    0.00000
  572  191.58760   92.26820    0.00000   -0.05629    0.00000
  573  191.38530   92.32139    0.00000   -0.05620    0.00000
  574  191.18332   92.37452    0.00000   -0.05610    0.00000
  575  190.98168   92.42760    0.00000   -0.05601    0.00000
  576  190.78037   92.48062    0.00000   -0.05592    0.00000
  577  190.57939   92.53359    0.00000   -0.05583    0.00000
  578  190.37874   92.58650    0.00000   -0.05574    0.00000
  579  190.17841   92.63936    0.00000   -0.05565    0.00000
  580  189.97842   92.69216    0.00000   -0.05555    0.00000
  581  189.77875   92.74490    0.00000   -0.05546    0.00000
  582  189.57941   92.79759    0.00000   -0.05537    0.00000
  583  189.38040   92.85022    0.00000   -0.05528    0.00000
  584  189.18171   92.90280   -0.00000   -0.05519   -0.00000
  585  188.98334   92.95532   -0.00000   -0.05510   -0.00000
  586  188.78530   93.00779   -0.00000   -0.05501   -0.00000
  587  188.58758   93.06020   -0.00000   -0.05492   -0.00000
  588  188.39018   93.11256   -0.00000   -0.05483   -0.00000
  589  188.19310   93.16487   -0.00000   -0.05474   -0.00000
  590  187.99635   93.21711   -0.00000   -0.05465   -0.00000
  591  187.79991   93.26931   -0.00000   -0.05457   -0.00000
  592  187.60379   93.32145   -0.00000   -0.05448   -0.00000
  593  187.40798   93.37353   -0.00000   -0.05439   -0.00000
  594  187.21250   93.42556   -0.00000   -0.05430   -0.00000
  595  187.01733   93.47754   -0.00000   -0.05421   -0.00000
  596  186.82248   93.52946   -0.00000   -0.05413   -0.00000
  597  186.62794   93.58133   -0.00000   -0.05404   -0.00000
  598  186.43371   93.63314   -0.00000   -0.05395   -0.00000
  599  186.23980   93.68490   -0.00000   -0.05386   -0.00000
  600  186.04620   93.73661   -0.00000   -0.05378   -0.00000
  601  185.85291   93.78826   -0.00000   -0.05369   -0.00000
  602  185.65994   93.83986   -0.00000   -0.05360   -0.00000
  603  185.46727   93.89141   -0.00000   -0.05352   -0.00000
  604  185.27491   93.94290   -0.00000   -0.05343   -0.00000
  605  185.08286   93.99434   -0.00000   -0.05335   -0.00000
  606  184.89112   94.04572   -0.00000   -0.05326   -0.00000
  607  184.69969   94.09706   -0.00000   -0.05318   -0.00000
  608  184.50856   94.14833   -0.00000   -0.05309   -0.00000
  609  184.31774   94.19956   -0.00000   -0.05301   -0.00000
  610  184.12722   94.25073   -0.00000   -0.05292   -0.00000
  611  183.93701   94.30185   -0.00000   -0.05284   -0.00000
  612  183.74710   94.35292   -0.00000   -0.05275   -0.00000
  613  183.55749   94.40393   -0.00000   -0.05267   -0.00000
  614  183.36819   94.45490   -0.00000   -0.05258   -0.00000
  615  183.17918   94.50581   -0.00000   -0.05250   -0.00000
  616  182.99048   94.55666   -0.00000   -0.05242   -0.00000
  617  182.80208   94.60747   -0.00000   -0.05233   -0.00000
  618  182.61397   94.65822   -0.00000   -0.05225   -0.00000
  619  182.42617   94.70892   -0.00000   -0.05217   -0.00000
  620  182.23866   94.75957   -0.00000   -0.05209   -0.00000
  621  182.05145   94.81016   -0.00000   -0.05200   -0.00000
  622  181.86454   94.86071   -0.00000   -0.05192   -0.00000
  623  181.67792   94.91120   -0.00000   -0.05184   -0.00000
  624  181.49159   94.96164   -0.00000   -0.05176   -0.00000
  625  181.30556   95.01203   -0.00000   -0.05167   -0.00000
  626  181.11983   95.06237   -0.00000   -0.05159   -0.00000
  627  180.93438   95.11265   -0.00000   -0.05151   -0.00000
  628  180.74923   95.16288   -0.00000   -0.05143   -0.00000
  629  180.56437   95.21307   -0.00000   -0.05135   -0.00000
  630  180.37980   95.26320   -0.00000   -0.05127   -0.00000
  631  180.19552   95.31328   -0.00000   -0.05119   -0.00000
  632  180.01153   95.36331   -0.00000   -0.05111   -0.00000
  633  179.82783   95.41328   -0.00000   -0.05103   -0.00000
  634  179.64442   95.46321   -0.00000   -0.05095   -0.00000
  635  179.46129   95.51309   -0.00000   -0.05087   -0.00000
  636  179.27845   95.56291   -0.00000   -0.05079   -0.00000
  637  179.09590   95.61269   -0.00000   -0.05071   -0.00000
  638  178.91363   95.66241   -0.00000   -0.05063   -0.00000
  639  178.73164   95.71208   -0.00000   -0.05055   -0.00000
  640  178.54994   95.76170   -0.00000   -0.05047   -0.00000
  641  178.36853   95.81128   -0.00000   -0.05039   -0.00000
  642  178.18739   95.86080   -0.00000   -0.05032   -0.00000
  643  178.00654   95.91027   -0.00000   -0.05024   -0.00000
  644  177.82597   95.95969   -0.00000   -0.05016   -0.00000
  645  177.64568   96.00906   -0.00000   -0.05008   -0.00000
  646  177.46567   96.05838   -0.00000   -0.05000   -0.00000
  647  177.28594   96.10765   -0.00000   -0.04993   -0.00000
  648  177.10648   96.15688   -0.00000   -0.04985   -0.00000
  649  176.92731   96.20605   -0.00000   -0.04977   -0.00000
  650  176.74841   96.25517   -0.00000   -0.04969   -0.00000
  651  176.56979   96.30424   -0.00000   -0.04962   -0.00000
  652  176.39145   96.35326   -0.00000   -0.04954   -0.00000
  653  176.21338   96.40224   -0.00000   -0.04946   -0.00000
  654  176.03558   96.45116   -0.00000   -0.04939   -0.00000
  655  175.85806   96.50003   -0.00000   -0.04931   -0.00000
  656  175.68082   96.54886   -0.00000   -0.04924   -0.00000
  657  175.50384   96.59763   -0.00000   -0.04916   -0.00000
  658  175.32714   96.64636   -0.00000   -0.04908   -0.00000
  659  175.15071   96.69504   -0.00000   -0.04901   -0.00000
  660  174.97455   96.74367   -0.00000   -0.04893   -0.00000
  661  174.79867   96.79225   -0.00000   -0.04886   -0.00000
  662  174.62305   96.84078   -0.00000   -0.04878   -0.00000
  663  174.44770   96.88926   -0.00000   -0.04871   -0.00000
  664  174.27262   96.93769   -0.00000   -0.04863   -0.00000
  665  174.09780   96.98608   -0.00000   -0.04856   -0.00000
  666  173.92326   97.03441   -0.00000   -0.04848   -0.00000
  667  173.74898   97.08270   -0.00000   -0.04841   -0.00000
  668  173.57496   97.13094   -0.00000   -0.04834   -0.00000
  669  173.40122   97.17913   -0.00000   -0.04826   -0.00000
  670  173.22773   97.22727   -0.00000   -0.04819   -0.00000
  671  173.05451   97.27537   -0.00000   -0.04812   -0.00000
  672  172.88156   97.32342   -0.00000   -0.04804   -0.00000
  673  172.70887   97.37141   -0.00000   -0.04797   -0.00000
  674  172.53644   97.41937   -0.00000   -0.04790   -0.00000
  675  172.36427   97.46727   -0.00000   -0.04782   -0.00000
  676  172.19236   97.51512   -0.00000   -0.04775   -0.00000
  677  172.02072   97.56293   -0.00000   -0.04768   -0.00000
  678  171.84933   97.61069   -0.00000   -0.04761   -0.00000
  679  171.67820   97.65840   -0.00000   -0.04754   -0.00000
  680  171.50733   97.70607   -0.00000   -0.04746   -0.00000
  681  171.33672   97.75368   -0.00000   -0.04739   -0.00000
  682  171.16637   97.80125   -0.00000   -0.04732   -0.00000
  683  170.99628   97.84878   -0.00000   -0.04725   -0.00000
  684  170.82644   97.89625   -0.00000   -0.04718   -0.00000
  685  170.65686   97.94368   -0.00000   -0.04711   -0.00000
  686  170.48753   97.99106   -0.00000   -0.04704   -0.00000
  687  170.31846   98.03840   -0.00000   -0.04696   -0.00000
  688  170.14964   98.08568   -0.00000   -0.04689   -0.00000
  689  169.98107   98.13292   -0.00000   -0.04682   -0.00000
  690  169.81276   98.18012   -0.00000   -0.04675   -0.00000
  691  169.64470   98.22726   -0.00000   -0.04668   -0.00000
  692  169.47689   98.27436   -0.00000   -0.04661   -0.00000
  693  169.30934   98.32142   -0.00000   -0.04654   -0.00000
  694  169.14203   98.36842   -0.00000   -0.04647   -0.00000
  695  168.97498   98.41539   -0.00000   -0.04640   -0.00000
  696  168.80817   98.46230   -0.00000   -0.04633   -0.00000
  697  168.64161   98.50917   -0.00000   -0.04627   -0.00000
  698  168.47531   98.55599   -0.00000   -0.04620   -0.00000
  699  168.30925   98.60277   -0.00000   -0.04613   -0.00000
  700  168.14343   98.64949   -0.00000   -0.04606   -0.00000
  701  167.97787   98.69618   -0.00000   -0.04599   -0.00000
  702  167.54061   98.74278    0.00000   -0.12146    0.00000
  703  167.10401   98.78926   -0.00000   -0.12128   -0.00000
  704  166.66805   98.83561   -0.00000   -0.12110   -0.00000
  705  166.23274   98.88185   -0.00000   -0.12092   -0.00000
  706  165.79807   98.92797   -0.00000   -0.12074   -0.00000
  707  165.36405   98.97396   -0.00000   -0.12056   -0.00000
  708  165.36405   99.01989    5.37373    0.00000   99.43884
  709  165.36405   99.06583    5.37373    0.00000   99.43884
  710  165.36405   99.11176    5.37373    0.00000   99.43884
  711  165.36405   99.15770    5.37373    0.00000   99.43884
  712  165.36405   99.20363    5.37373    0.00000   99.43884
  713  165.36405   99.24957    5.37373    0.00000   99.43884
  714  165.36405   99.29550    5.37373    0.00000   99.43884
  715  165.36405   99.34144    5.37373    0.00000   99.43884
  716  165.36405   99.38737    5.37373    0.00000   99.43884
  717  165.36405   99.43330    5.37373    0.00000   99.43884
  718  165.36405   99.47924    5.37373    0.00000   99.43884
  719  165.36405   99.52517    5.37373    0.00000   99.43884
  720  165.36405   99.57111    5.37373    0.00000   99.43884
  721  165.36405   99.61704    5.37373    0.00000   99.43884
  722  165.36405   99.66298    5.37373    0.00000   99.43884
  723  165.36405   99.70891    5.37373    0.00000   99.43884
  724  165.36405   99.75485    5.37373    0.00000   99.43884
  725  165.36405   99.80078    5.37373    0.00000   99.43884
  726  165.36405   99.84671    5.37373    0.00000   99.43884
  727  165.36405   99.89265    5.37373    0.00000   99.43884
  728  165.36405   99.93858    5.37373    0.00000   99.43884
  729  165.36405   99.98452    5.37373    0.00000   99.43884
  730  165.36405  100.03045    5.37373    0.00000   99.43884
  731  165.36405  100.07639    5.37373    0.00000   99.43884
  732  165.36405  100.12232    5.37373    0.00000   99.43884
  733  165.36405  100.16826    5.37373    0.00000   99.43884
  734  165.36405  100.21419    5.37373    0.00000   99.43884
  735  165.36405  100.26012    5.37373    0.00000   99.43884
  736  165.36405  100.30606    5.37373    0.00000   99.43884
  737  165.36405  100.35199    5.37373    0.00000   99.43884
  738  165.36405  100.39793    5.37373    0.00000   99.43884
  739  165.36405  100.44386    5.37373    0.00000   99.43884
  740  165.36405  100.48980    5.37373    0.00000   99.43884
  741  165.36405  100.53573    5.37373    0.00000   99.43884
  742  165.36405  100.58167    5.37373    0.00000   99.43884
  743  165.36405  100.62760    5.37373    0.00000   99.43884
  744  165.36405  100.67353    5.37373    0.00000   99.43884
  745  165.36405  100.71947    5.37373    0.00000   99.43884
  746  165.36405  100.76540    5.37373    0.00000   99.43884
  747  165.36405  100.81134    5.37373    0.00000   99.43884
  748  165.36405  100.85727    5.37373    0.00000   99.43884
  749  165.36405  100.90321    5.37373    0.00000   99.43884
  750  165.36405  100.94914    5.37373    0.00000   99.43884
  751  165.36405  100.99508    5.37373    0.00000   99.43884
  752  165.36405  101.04101    2.00195    0.00000   37.04527
  753  165.36405  101.08695    2.00195    0.00000   37.04527
  754  165.36405  101.13288    2.00195    0.00000   37.04527
  755  165.36405  101.17881    2.00195    0.00000   37.04527
  756  165.36405  101.22475    2.00195    0.00000   37.04527
  757  165.36405  101.27068    2.00195    0.00000   37.04527
  758  165.36405  101.31662    2.00195    0.00000   37.04527
  759  165.36405  101.36255    2.00195    0.00000   37.04527
  760  165.36405  101.40849    2.00195    0.00000   37.04527
  761  165.36405  101.45442    2.00195    0.00000   37.04527
  762  166.88279  101.50057   21.02467    0.42187  385.51306
  763  168.38401  101.54713   21.02074    0.41700  382.00464
  764  169.86815  101.59411   21.01696    0.41226  378.59890
  765  171.33566  101.64150   21.01331    0.40764  375.29107
  766  172.78695  101.68929   21.00980    0.40314  372.07666
  767  172.78695  101.73729    2.23552    0.00000   39.59030
  768  172.78695  101.78529    2.23552    0.00000   39.59030
  769  172.78695  101.83328    2.23552    0.00000   39.59030
  770  172.78695  101.88128    2.23552    0.00000   39.59030
  771  172.61440  101.92925    0.00000   -0.04793    0.00000
  772  172.44212  101.97718    0.00000   -0.04786    0.00000
  773  170.53412  102.02481   -0.01942   -0.53000   -0.48222
  774  170.53412  102.07218    2.16282    0.00000   38.80886
  775  170.53412  102.11955    2.16282    0.00000   38.80886
  776  170.53412  102.16692    2.16282    0.00000   38.80886
  777  170.53412  102.21429    2.16282    0.00000   38.80886
  778  170.53412  102.26167    2.16282    0.00000   38.80886
  779  170.53412  102.30904    2.16282    0.00000   38.80886
  780  170.53412  102.35641    2.16282    0.00000   38.80886
  781  170.53412  102.40378    2.16282    0.00000   38.80886
  782  170.53412  102.45115    2.16282    0.00000   38.80886
  783  170.53412  102.49852    2.16282    0.00000   38.80886
  784  170.53412  102.54589    2.16282    0.00000   38.80886
  785  170.53412  102.59326    2.16282    0.00000   38.80886
  786  170.53412  102.64063    2.16282    0.00000   38.80886
  787  170.53412  102.68800    2.16282    0.00000   38.80886
  788  170.53412  102.73537    2.16282    0.00000   38.80886
  789  170.53412  102.78274    2.16282    0.00000   38.80886
  790  170.53412  102.83011    2.16282    0.00000   38.80886
  791  170.53412  102.87748    2.16282    0.00000   38.80886
  792  170.53412  102.92485    2.16282    0.00000   38.80886
  793  170.53412  102.97222    2.16282    0.00000   38.80886
  794  170.53412  103.01959    2.16282    0.00000   38.80886
  795  170.53412  103.06697    2.16282    0.00000   38.80886
  796  170.53412  103.11434    2.16282    0.00000   38.80886
  797  170.53412  103.16171    2.16282    0.00000   38.80886
  798  170.53412  103.20908    2.16282    0.00000   38.80886
  799  170.53412  103.25645    2.16282    0.00000   38.80886
  800  170.53412  103.30382    2.16282    0.00000   38.80886
  801  170.53412  103.35119    2.16282    0.00000   38.80886
  802  170.53412  103.39856    2.16282    0.00000   38.80886
  803  170.53412  103.44593    2.16282    0.00000   38.80886
  804  170.53412  103.49330    2.16282    0.00000   38.80886
  805  170.53412  103.54067    2.16282    0.00000   38.80886
  806  170.53412  103.58804    2.16282    0.00000   38.80886
  807  170.53412  103.63541    2.16282    0.00000   38.80886
  808  170.53412  103.68278    2.16282    0.00000   38.80886
  809  170.53412  103.73015    2.16282    0.00000   38.80886
  810  170.53412  103.77752    2.16282    0.00000   38.80886
  811  170.53412  103.82489    2.16282    0.00000   38.80886
  812  170.53412  103.87227    2.16282    0.00000   38.80886
  813  170.53412  103.91964    2.16282    0.00000   38.80886
  814  170.53412  103.96701    2.16282    0.00000   38.80886
  815  170.53412  104.01438    2.16282    0.00000   38.80886
  816  170.53412  104.06175    2.16282    0.00000   38.80886
  817  170.53412  104.10912    2.16282    0.00000   38.80886
  818  171.99424  104.15669   21.01171    0.40559  373.82549
  819  173.43832  104.20467   21.00825    0.40114  370.65196
  820  174.86676  104.25304   21.00492    0.39679  367.56582
  821  176.27994  104.30181   21.00170    0.39255  364.56327
  822  177.67820  104.35098   20.99858    0.38841  361.64070
  823  179.06189  104.40052   20.99558    0.38436  358.79472
  824  180.43135  104.45045   20.99267    0.38040  356.02215
  825  180.43135  104.50057    2.49423    0.00000   42.30050
  826  180.43135  104.55069    2.49423    0.00000   42.30050
  827  180.43135  104.60081    2.49423    0.00000   42.30050
  828  180.43135  104.65093    2.49423    0.00000   42.30050
  829  180.43135  104.70105    2.49423    0.00000   42.30050
  830  180.43135  104.75117    2.49423    0.00000   42.30050
  831  180.43135  104.80129    2.49423    0.00000   42.30050
  832  180.43135  104.85141    2.49423    0.00000   42.30050
  833  180.24699  104.90151    0.00000   -0.05121    0.00000
  834  180.06291  104.95155    0.00000   -0.05113    0.00000
  835  179.87913  105.00154    0.00000   -0.05105    0.00000
  836  179.69564  105.05148    0.00000   -0.05097    0.00000
  837  179.51243  105.10137    0.00000   -0.05089    0.00000
  838  179.32951  105.15121    0.00000   -0.05081    0.00000
  839  179.14688  105.20100    0.00000   -0.05073    0.00000
  840  178.96453  105.25074    0.00000   -0.05065    0.00000
  841  178.78247  105.30042    0.00000   -0.05057    0.00000
  842  178.60069  105.35006    0.00000   -0.05049    0.00000
  843  178.41919  105.39965    0.00000   -0.05042    0.00000
  844  178.23798  105.44918    0.00000   -0.05034    0.00000
  845  178.05705  105.49867    0.00000   -0.05026    0.00000
  846  177.87640  105.54810    0.00000   -0.05018    0.00000
  847  177.69603  105.59749    0.00000   -0.05010    0.00000
  848  177.51594  105.64682    0.00000   -0.05002    0.00000
  849  177.33613  105.69611    0.00000   -0.04995    0.00000
  850  177.15660  105.74534    0.00000   -0.04987    0.00000
  851  176.97735  105.79453    0.00000   -0.04979    0.00000
  852  176.79837  105.84366    0.00000   -0.04972    0.00000
  853  176.61968  105.89275    0.00000   -0.04964    0.00000
  854  176.44126  105.94179    0.00000   -0.04956    0.00000
  855  176.26311  105.99077    0.00000   -0.04948    0.00000
  856  176.08524  106.03971    0.00000   -0.04941    0.00000
  857  175.90764  106.08860    0.00000   -0.04933    0.00000
  858  175.73032  106.13744    0.00000   -0.04926    0.00000
  859  175.55327  106.18623    0.00000   -0.04918    0.00000
  860  175.37649  106.23497    0.00000   -0.04910    0.00000
  861  173.52454  106.28342   -0.01907   -0.51443   -0.46540
  862  171.67542  106.33137   -0.01886   -0.51364   -0.46540
  863  169.82911  106.37880   -0.01866   -0.51286   -0.46540
  864  167.98558  106.42572   -0.01846   -0.51209   -0.46540
  865  166.14481  106.47213   -0.01826   -0.51133   -0.46540
  866  164.30675  106.51802   -0.01806   -0.51057   -0.46540
  867  162.47140  106.56341   -0.01785   -0.50982   -0.46540
  868  160.63872  106.60828   -0.01765   -0.50908   -0.46540
  869  158.80869  106.65265   -0.01745   -0.50834   -0.46540
  870  156.98127  106.69651   -0.01725   -0.50762   -0.46540
  871  155.15645  106.73986   -0.01705   -0.50690   -0.46540
  872  153.33419  106.78271   -0.01685   -0.50618   -0.46540
  873  151.51447  106.82505   -0.01665   -0.50548   -0.46540
  874  149.69727  106.86688   -0.01645   -0.50478   -0.46540
  875  147.88256  106.90822   -0.01625   -0.50409   -0.46540
  876  146.07031  106.94904   -0.01605   -0.50340   -0.46540
  877  144.26050  106.98937   -0.01585   -0.50273   -0.46540
  878  142.45310  107.02919   -0.01565   -0.50206   -0.46540
  879  140.64808  107.06851   -0.01546   -0.50139   -0.46540
  880  138.84543  107.10733   -0.01526   -0.50074   -0.46540
  881  137.04512  107.14564   -0.01506   -0.50009   -0.46540
  882  135.24711  107.18346   -0.01486   -0.49945   -0.46540
  883  133.45140  107.22078   -0.01466   -0.49881   -0.46540
  884  131.65794  107.25760   -0.01447   -0.49818   -0.46540
  885  129.86673  107.29392   -0.01427   -0.49756   -0.46540
  886  128.07772  107.32975   -0.01407   -0.49695   -0.46540
  887  126.29091  107.36508   -0.01388   -0.49634   -0.46540
  888  124.50626  107.39991   -0.01368   -0.49574   -0.46540
  889  122.72375  107.43425   -0.01349   -0.49514   -0.46540
  890  120.94336  107.46809   -0.01329   -0.49455   -0.46540
  891  119.16505  107.50144   -0.01309   -0.49397   -0.46540
  892  117.38882  107.53430   -0.01290   -0.49340   -0.46540
  893  115.61464  107.56666   -0.01270   -0.49283   -0.46540
  894  113.84247  107.59853   -0.01251   -0.49227   -0.46540
  895  112.07230  107.62990   -0.01232   -0.49171   -0.46540
  896  110.30411  107.66079   -0.01212   -0.49117   -0.46540
  897  108.53786  107.69118   -0.01193   -0.49062   -0.46540
  898  106.77355  107.72109   -0.01173   -0.49009   -0.46540
  899  105.01114  107.75050   -0.01154   -0.48956   -0.46540
  900  103.25061  107.77943   -0.01135   -0.48904   -0.46540
  901  101.49194  107.80786   -0.01115   -0.48852   -0.46540
  902   99.73510  107.83581   -0.01096   -0.48801   -0.46540
  903   97.98008  107.86327   -0.01077   -0.48751   -0.46540
  904   96.22685  107.89025   -0.01057   -0.48701   -0.46540
  905   94.47538  107.91673   -0.01038   -0.48652   -0.46540
  906   92.72567  107.94273   -0.01019   -0.48603   -0.46540
  907   90.97767  107.96825   -0.01000   -0.48555   -0.46540
  908   89.23137  107.99328   -0.00981   -0.48508   -0.46540
  909   87.48676  108.01782   -0.00961   -0.48462   -0.46540
  910   85.74379  108.04188   -0.00942   -0.48416   -0.46540
  911   84.00247  108.06546   -0.00923   -0.48370   -0.46540
  912   82.26275  108.08855   -0.00904   -0.48325   -0.46540
  913   80.52462  108.11116   -0.00885   -0.48281   -0.46540
  914   78.78807  108.13328   -0.00866   -0.48238   -0.46540
  915   77.05305  108.15493   -0.00847   -0.48195   -0.46540
  916   75.31957  108.17609   -0.00828   -0.48152   -0.46540
  917   73.58758  108.19677   -0.00809   -0.48111   -0.46540
  918   71.85708  108.21697   -0.00790   -0.48070   -0.46540
  919   70.12804  108.23669   -0.00771   -0.48029   -0.46540
  920   68.40043  108.25593   -0.00752   -0.47989   -0.46540
  921   66.67424  108.27469   -0.00733   -0.47950   -0.46540
  922   64.94945  108.29298   -0.00714   -0.47911   -0.46540
  923   63.22603  108.31078   -0.00695   -0.47873   -0.46540
  924   61.50397  108.32810   -0.00676   -0.47835   -0.46540
  925   59.78324  108.34495   -0.00657   -0.47798   -0.46540
  926   58.06382  108.36131   -0.00638   -0.47762   -0.46540
  927   56.34569  108.37720   -0.00619   -0.47726   -0.46540
  928   54.62882  108.39262   -0.00600   -0.47691   -0.46540
  929   52.91321  108.40755   -0.00581   -0.47656   -0.46540
  930   51.19883  108.42201   -0.00563   -0.47622   -0.46540
  931   49.48565  108.43600   -0.00544   -0.47588   -0.46540
  932   47.77366  108.44951   -0.00525   -0.47555   -0.46540
  933   46.06283  108.46254   -0.00506   -0.47523   -0.46540
  934   44.35315  108.47510   -0.00487   -0.47491   -0.46540
  935   42.64459  108.48718   -0.00469   -0.47460   -0.46540
  936   40.93714  108.49879   -0.00450   -0.47429   -0.46540
  937   39.23077  108.50992   -0.00431   -0.47399   -0.46540
  938   37.52546  108.52058   -0.00412   -0.47370   -0.46540
  939   35.82120  108.53077   -0.00394   -0.47341   -0.46540
  940   34.11796  108.54048   -0.00375   -0.47312   -0.46540
  941   32.41572  108.54972   -0.00356   -0.47284   -0.46540
  942   30.71447  108.55849   -0.00338   -0.47257   -0.46540
  943   29.01418  108.56679   -0.00319   -0.47230   -0.46540
  944   27.31483  108.57461   -0.00300   -0.47204   -0.46540
  945   25.61640  108.58196   -0.00281   -0.47179   -0.46540
  946   23.91887  108.58884   -0.00263   -0.47154   -0.46540
  947   22.22223  108.59525   -0.00244   -0.47129   -0.46540
  948   20.52645  108.60119   -0.00226   -0.47105   -0.46540
  949   18.83151  108.60666   -0.00207   -0.47082   -0.46540
  950   17.13739  108.61165   -0.00188   -0.47059   -0.46540
  951   15.44408  108.61618   -0.00170   -0.47036   -0.46540
  952   13.75155  108.62023   -0.00151   -0.47015   -0.46540
  953   12.05978  108.62382   -0.00133   -0.46994   -0.46540
  954   10.36876  108.62693   -0.00114   -0.46973   -0.46540
  955    8.67846  108.62958   -0.00095   -0.46953   -0.46540
  956    6.98886  108.63175   -0.00077   -0.46933   -0.46540
  957    5.29995  108.63346   -0.00058   -0.46914   -0.46540
  958    3.61171  108.63470   -0.00040   -0.46896   -0.46540
  959    1.92411  108.63547   -0.00021   -0.46878   -0.46540
  960    0.23713  108.63577   -0.00003   -0.46860   -0.46540
  961    0.00000  108.63577    0.00000    0.00000    0.00000
  962    0.00000  108.63577    0.00000    0.00000    0.00000
  963    0.00000  108.63577    0.00000    0.00000    0.00000
  964    0.00000  108.63577    0.00000    0.00000    0.00000
  965    0.00000  108.63577    0.00000    0.00000    0.00000
  966    0.00000  108.63577    0.00000    0.00000    0.00000
  967    0.00000  108.63577    0.00000    0.00000    0.00000
  968    0.00000  108.63577    0.00000    0.00000    0.00000
  969    0.00000  108.63577    0.00000    0.00000    0.00000
  970    0.00000  108.63577    0.00000    0.00000    0.00000
  971    0.00000  108.63577    0.00000    0.00000    0.00000
  972    0.00000  108.63577    0.00000    0.00000    0.00000
  973    0.00000  108.63577    0.00000    0.00000    0.00000
  974    0.00000  108.63577    0.00000    0.00000    0.00000
  975    0.00000  108.63577    0.00000    0.00000    0.00000
  976    0.00000  108.63577    0.00000    0.00000    0.00000
  977    0.00000  108.63577    0.00000    0.00000    0.00000
  978    0.00000  108.63577    0.00000    0.00000    0.00000
  979    0.00000  108.63577    0.00000    0.00000    0.00000
  980    0.00000  108.63577    0.00000    0.00000    0.00000
  981    0.00000  108.63577    0.00000    0.00000    0.00000
  982    0.00000  108.63577    0.00000    0.00000    0.00000
  983    0.00000  108.63577    0.00000    0.00000    0.00000
  984    0.00000  108.63577    0.00000    0.00000    0.00000
  985    0.00000  108.63577    0.00000    0.00000    0.00000
  986    0.00000  108.63577    0.00000    0.00000    0.00000
  987    0.00000  108.63577    0.00000    0.00000    0.00000
  988    0.00000  108.63577    0.00000    0.00000    0.00000
  989    0.00000  108.63577    0.00000    0.00000    0.00000
  990    0.00000  108.63577    0.00000    0.00000    0.00000
  991    0.00000  108.63577    0.00000    0.00000    0.00000
  992    0.00000  108.63577    0.00000    0.00000    0.00000
  993    0.00000  108.63577    0.00000    0.00000    0.00000
  994    0.00000  108.63577    0.00000    0.00000    0.00000
  995    0.00000  108.63577    0.00000    0.00000    0.00000
  996    0.00000  108.63577    0.00000    0.00000    0.00000
  997    0.00000  108.63577    0.00000    0.00000    0.00000
  998    0.00000  108.63577    0.00000    0.00000    0.00000
  999    0.00000  108.63577    0.00000    0.00000    0.00000
 1000    0.00000  108.63577    0.00000    0.00000    0.00000
 1001    0.00000  108.63577    0.00000    0.00000    0.00000
 1002    0.00000  108.63577    0.00000    0.00000    0.00000
 1003    0.00000  108.63577    0.00000    0.00000    0.00000
 1004    0.00000  108.63577    0.00000    0.00000    0.00000
 1005    0.00000  108.63577    0.00000    0.00000    0.00000
 1006    0.00000  108.63577    0.00000    0.00000    0.00000
 1007    0.00000  108.63577    0.00000    0.00000    0.00000
 1008    0.00000  108.63577    0.00000    0.00000    0.00000
 1009    0.00000  108.63577    0.00000    0.00000    0.00000
 1010    0.00000  108.63577    0.00000    0.00000    0.00000
 1011    0.00000  108.63577    0.00000    0.00000    0.00000
 1012    0.00000  108.63577    0.00000    0.00000    0.00000
 1013    0.00000  108.63577    0.00000    0.00000    0.00000
 1014    0.00000  108.63577    0.00000    0.00000    0.00000
 1015    0.00000  108.63577    0.00000    0.00000    0.00000
 1016    0.00000  108.63577    0.00000    0.00000    0.00000
 1017    0.00000  108.63577    0.00000    0.00000    0.00000
 1018    0.00000  108.63577    0.00000    0.00000    0.00000
 1019    0.00000  108.63577    0.00000    0.00000    0.00000
 1020    0.00000  108.63577    0.00000    0.00000    0.00000
 1021    0.00000  108.63577    0.00000    0.00000    0.00000
 1022    0.00000  108.63577    0.00000    0.00000    0.00000
 1023    0.00000  108.63577    0.00000    0.00000    0.00000
 1024    0.00000  108.63577    0.00000    0.00000    0.00000
 1025    0.00000  108.63577    0.00000    0.00000    0.00000
 1026    0.00000  108.63577    0.00000    0.00000    0.00000
 1027    0.00000  108.63577    0.00000    0.00000    0.00000
 1028    0.00000  108.63577    0.00000    0.00000    0.00000
 1029    0.00000  108.63577    0.00000    0.00000    0.00000
 1030    0.00000  108.63577    0.00000    0.00000    0.00000
 1031    0.00000  108.63577    0.00000    0.00000    0.00000
 1032    0.00000  108.63577    0.00000    0.00000    0.00000
 1033    0.00000  108.63577    0.00000    0.00000    0.00000
 1034    0.00000  108.63577    0.00000    0.00000    0.00000
 1035    0.00000  108.63577    0.00000    0.00000    0.00000
 1036    0.00000  108.63577    0.00000    0.00000    0.00000
 1037    0.00000  108.63577    0.00000    0.00000    0.00000
 1038    0.00000  108.63577    0.00000    0.00000    0.00000
 1039    0.00000  108.63577    0.00000    0.00000    0.00000
 1040    0.00000  108.63577    0.00000    0.00000    0.00000
 1041    0.00000  108.63577    0.00000    0.00000    0.00000
 1042    0.00000  108.63577    0.00000    0.00000    0.00000
 1043    0.00000  108.63577    0.00000    0.00000    0.00000
 1044    0.00000  108.63577    0.00000    0.00000    0.00000
 1045    0.00000  108.63577    0.00000    0.00000    0.00000
 1046    0.00000  108.63577    0.00000    0.00000    0.00000
 1047    0.00000  108.63577    0.00000    0.00000    0.00000
 1048    0.00000  108.63577    0.00000    0.00000    0.00000
 1049    0.00000  108.63577    0.00000    0.00000    0.00000
 1050    0.00000  108.63577    0.00000    0.00000    0.00000
 1051    0.00000  108.63577    0.00000    0.00000    0.00000
 1052    0.00000  108.63577    0.00000    0.00000    0.00000
 1053    0.00000  108.63577    0.00000    0.00000    0.00000
 1054    0.00000  108.63577    0.00000    0.00000    0.00000
 1055    0.00000  108.63577    0.00000    0.00000    0.00000
 1056    0.00000  108.63577    0.00000    0.00000    0.00000
 1057    0.00000  108.63577    0.00000    0.00000    0.00000
 1058    0.00000  108.63577    0.00000    0.00000    0.00000
 1059    0.00000  108.63577    0.00000    0.00000    0.00000
 1060    0.00000  108.63577    0.00000    0.00000    0.00000
 1061    0.00000  108.63577    0.00000    0.00000    0.00000
 1062    0.00000  108.63577    0.00000    0.00000    0.00000
 1063    0.00000  108.63577    0.00000    0.00000    0.00000
 1064    0.00000  108.63577    0.00000    0.00000    0.00000
 1065    0.00000  108.63577    0.00000    0.00000    0.00000
 1066    0.00000  108.63577    0.00000    0.00000    0.00000
 1067    0.00000  108.63577    0.00000    0.00000    0.00000
 1068    0.00000  108.63577    0.00000    0.00000    0.00000
 1069    0.00000  108.63577    0.00000    0.00000    0.00000
 1070    0.00000  108.63577    0.00000    0.00000    0.00000
 1071    0.00000  108.63577    0.00000    0.00000    0.00000
 1072    0.00000  108.63577    0.00000    0.00000    0.00000
 1073    0.00000  108.63577    0.00000    0.00000    0.00000
 1074    0.00000  108.63577    0.00000    0.00000    0.00000
 1075    0.00000  108.63577    0.00000    0.00000    0.00000
 1076    0.00000  108.63577    0.00000    0.00000    0.00000
 1077    0.00000  108.63577    0.00000    0.00000    0.00000
 1078    0.00000  108.63577    0.00000    0.00000    0.00000
 1079    0.00000  108.63577    0.00000    0.00000    0.00000
 1080    0.00000  108.63577    0.00000    0.00000    0.00000
