    0    0.00000  182.64000    0.00000    0.00000    0.00000
    1    1.84146  182.64026    0.25576    0.51152  425.00000
    2    3.68227  182.64102    0.51143    0.51133  425.00000
    3    5.52239  182.64230    0.76700    0.51114  425.00000
    4    7.36180  182.64409    1.02247    0.51095  425.00000
    5    9.20049  182.64639    1.27785    0.51075  425.00000
    6   11.03843  182.64920    1.53311    0.51054  425.00000
    7   12.87559  182.65252    1.78828    0.51032  425.00000
    8   14.71196  182.65636    2.04333    0.51010  425.00000
    9   16.54750  182.66070    2.29826    0.50987  425.00000
   10   18.38221  182.66555    2.55308    0.50964  425.00000
   11   20.21606  182.67091    2.80779    0.50940  425.00000
   12   22.04901  182.67678    3.06236    0.50916  425.00000
   13   23.88107  182.68316    3.31681    0.50890  425.00000
   14   25.71219  182.69005    3.57114    0.50864  425.00000
   15   27.54236  182.69744    3.82533    0.50838  425.00000
   16   29.37155  182.70535    4.07938    0.50811  425.00000
   17   31.19975  182.71376    4.33330    0.50783  425.00000
   18   33.02693  182.72268    4.58707    0.50755  425.00000
   19   34.85308  182.73211    4.84070    0.50726  425.00000
   20   36.67815  182.74204    5.09419    0.50697  425.00000
   21   38.50215  182.75248    5.34752    0.50667  425.00000
   22   40.32504  182.76343    5.60070    0.50636  425.00000
   23   42.14680  182.77489    5.85372    0.50604  425.00000
   24   43.96741  182.78685    6.10658    0.50573  425.00000
   25   45.78685  182.79931    6.35928    0.50540  425.00000
   26   47.60510  182.81228    6.61182    0.50507  425.00000
   27   49.42213  182.82576    6.86418    0.50473  425.00000
   28   51.23793  182.83974    7.11638    0.50439  425.00000
   29   53.05247  182.85423    7.36840    0.50404  425.00000
   30   54.86573  182.86921    7.62024    0.50368  425.00000
   31   56.67770  182.88471    7.87190    0.50332  425.00000
   32   58.48834  182.90070    8.12338    0.50296  425.00000
   33   60.29764  182.91720    8.37467    0.50258  425.00000
   34   62.10557  182.93420    8.62577    0.50220  425.00000
   35   63.91212  182.95170    8.87668    0.50182  425.00000
   36   65.71727  182.96971    9.12740    0.50143  425.00000
   37   67.52099  182.98821    9.37791    0.50103  425.00000
   38   69.32326  183.00722    9.62823    0.50063  425.00000
   39   71.12406  183.02673    9.87834    0.50022  425.00000
   40   72.92338  183.04673   10.12825    0.49981  425.00000
   41   74.72118  183.06724   10.37794    0.49939  425.00000
   42   76.51746  183.08824   10.62743    0.49897  425.00000
   43   78.31219  183.10975   10.87669    0.49853  425.00000
   44   80.10534  183.13175   11.12574    0.49810  425.00000
   45   81.89690  183.15425   11.37457    0.49766  425.00000
   46   83.68686  183.17725   11.62317    0.49721  425.00000
   47   85.47518  183.20074   11.87155    0.49676  425.00000
   48   87.26184  183.22473   12.11970    0.49630  425.00000
   49   89.04684  183.24922   12.36762    0.49583  425.00000
   50   90.83015  183.27420   12.61530    0.49536  425.00000
   51   92.61174  183.29968   12.86274    0.49489  425.00000
   52   94.39160  183.32565   13.10994    0.49441  425.00000
   53   96.16971  183.35212   13.35690    0.49392  425.00000
   54   97.94605  183.37908   13.60362    0.49343  425.00000
   55   99.72060  183.40654   13.85008    0.49293  425.00000
   56  101.49334  183.43448   14.09630    0.49243  425.00000
   57  103.26425  183.46292   14.34226    0.49192  425.00000
   58  105.03331  183.49185   14.58796    0.49141  425.00000
   59  106.80050  183.52127   14.83340    0.49089  425.00000
   60  108.56581  183.55118   15.07858    0.49036  425.00000
   61  110.32921  183.58159   15.32350    0.48983  425.00000
   62  112.09069  183.61248   15.56815    0.48930  425.00000
   63  113.85022  183.64386   15.81253    0.48876  425.00000
   64  115.60779  183.67573   16.05664    0.48821  425.00000
   65  117.36337  183.70809   16.30047    0.48766  425.00000
   66  119.11696  183.74093   16.54402    0.48711  425.00000
   67  120.86853  183.77426   16.78730    0.48655  425.00000
   68  122.61807  183.80808   17.03029    0.48598  425.00000
   69  124.36554  183.84238   17.27299    0.48541  425.00000
   70  126.11095  183.87717   17.51541    0.48483  425.00000
   71  127.85426  183.91244   17.75754    0.48425  425.00000
   72  129.59546  183.94820   17.99937    0.48367  425.00000
   73  131.33454  183.98444   18.24091    0.48308  425.00000
   74  133.07147  184.02116   18.48215    0.48248  425.00000
   75  134.80624  184.05837   18.72309    0.48188  425.00000
   76  136.53883  184.09606   18.96373    0.48127  425.00000
   77  138.26922  184.13422   19.20406    0.48066  425.00000
   78  139.99739  184.17287   19.44408    0.48005  425.00000
   79  141.72333  184.21200   19.68380    0.47943  425.00000
   80  143.44702  184.25161   19.92320    0.47880  425.00000
   81  145.16845  184.29169   20.16228    0.47817  425.00000
   82  146.88758  184.33226   20.40105    0.47754  425.00000
   83  148.60442  184.37330   20.63950    0.47690  425.00000
   84  150.31894  184.41481   20.87763    0.47626  425.00000
   85  152.02720  184.45681   21.07009    0.47452  424.09825
   86  153.71233  184.49927   21.06426    0.46809  419.33287
   87  155.37510  184.54220   21.05870    0.46188  414.73575
   88  157.01621  184.58559   21.05338    0.45586  410.29739
   89  158.63631  184.62943   21.04829    0.45003  406.00904
   90  160.23605  184.67371   21.04342    0.44437  401.86260
   91  161.81601  184.71844   21.03875    0.43888  397.85056
   92  163.37677  184.76361   21.03428    0.43354  393.96596
   93  164.91886  184.80921   21.02998    0.42836  390.20236
   94  166.44279  184.85523   21.02584    0.42332  386.55374
   95  167.94906  184.90167   21.02187    0.41841  383.01449
   96  169.43812  184.94853   21.01805    0.41363  379.57938
   97  170.91043  184.99580   21.01436    0.40897  376.24355
   98  172.36639  185.04348   21.01081    0.40444  373.00241
   99  173.80643  185.09156   21.00739    0.40001  369.85168
  100  175.23092  185.14004   21.00408    0.39569  366.78736
  101  176.64023  185.18891   21.00089    0.39148  363.80567
  102  178.03472  185.23817   20.99780    0.38736  360.90307
  103  179.41472  185.28781   20.99482    0.38334  358.07623
  104  180.78058  185.33784   20.99193    0.37940  355.32201
  105  182.13259  185.38824   20.98914    0.37556  352.63744
  106  183.47105  185.43902   20.98643    0.37180  350.01974
  107  184.79627  185.49017   20.98381    0.36811  347.46626
  108  186.10851  185.54169   20.98127    0.36451  344.97450
  109  187.40804  185.59356   20.97881    0.36098  342.54211
  110  188.69512  185.64580   20.97641    0.35752  340.16684
  111  189.97000  185.69839   20.97409    0.35413  337.84658
  112  191.23292  185.75134   20.97183    0.35081  335.57930
  113  192.48411  185.80463   20.96964    0.34755  333.36311
  114  193.72379  185.85827   20.96751    0.34436  331.19617
  115  194.95219  185.91225   20.96544    0.34122  329.07677
  116  196.16950  185.96658   20.96342    0.33814  327.00326
  117  197.37593  186.02124   20.96146    0.33512  324.97407
  118  198.57167  186.07623   20.95955    0.33215  322.98771
  119  199.75692  186.13155   20.95768    0.32924  321.04277
  120  200.93185  186.18720   20.95587    0.32637  319.13788
  121  202.09665  186.24318   20.95410    0.32355  317.27174
  122  203.25148  186.29948   20.95238    0.32079  315.44313
  123  204.39651  186.35609   20.95070    0.31806  313.65085
  124  205.53191  186.41303   20.94906    0.31539  311.89377
  125  206.65782  186.47028   20.94746    0.31275  310.17082
  126  207.77440  186.52784   20.94590    0.31016  308.48095
  127  208.88181  186.58571   20.94437    0.30761  306.82316
  128  209.98017  186.64388   20.94288    0.30510  305.19652
  129  211.06964  186.70236   20.94143    0.30263  303.60009
  130  212.15034  186.76114   20.94000    0.30020  302.03302
  131  213.22241  186.82022   20.93861    0.29780  300.49445
  132  214.28598  186.87960   20.93725    0.29544  298.98358
  133  215.34118  186.93927   20.93592    0.29311  297.49962
  134  216.38811  186.99923   20.93462    0.29082  296.04185
  135  217.42691  187.05948   20.93335    0.28855  294.60953
  136  218.07062  187.11997   20.89501    0.17881  293.20198
  137  218.70939  187.18063   20.89436    0.17744  292.33649
  138  219.34327  187.24147   20.89371    0.17608  291.48269
  139  219.97231  187.30249   20.89308    0.17473  290.64033
  140  220.59658  187.36368   20.89246    0.17341  289.80920
  141  221.21613  187.42504   20.89184    0.17210  288.98907
  142  221.83100  187.48658   20.89124    0.17080  288.17971
  143  222.44126  187.54828   20.89065    0.16952  287.38093
  144  223.04695  187.61015   20.89006    0.16825  286.59251
  145  223.64812  187.67220   20.88948    0.16699  285.81426
  146  224.24483  187.73440   20.88892    0.16575  285.04599
  147  224.83712  187.79677   20.88836    0.16452  284.28749
  148  225.42504  187.85931   20.88781    0.16331  283.53859
  149  226.00863  187.92201   20.88727    0.16211  282.79911
  150  226.58795  187.98487   20.88673    0.16092  282.06888
  151  227.16303  188.04789   20.88621    0.15975  281.34771
  152  227.73392  188.11107   20.88569    0.15858  280.63546
  153  228.30067  188.17441   20.88518    0.15743  279.93195
  154  228.86332  188.23791   20.88468    0.15629  279.23702
  155  229.42191  188.30156   20.88418    0.15516  278.55053
  156  229.97649  188.36536   20.88369    0.15405  277.87232
  157  231.04835  188.42939   20.93043    0.29774  277.20225
  158  232.11256  188.49372   20.92929    0.29561  275.91628
  159  233.16921  188.55834   20.92817    0.29352  274.65123
  160  234.21841  188.62326   20.92708    0.29144  273.40659
  161  235.26025  188.68846   20.92600    0.28940  272.18185
  162  236.29481  188.75396   20.92495    0.28738  270.97650
  163  237.32219  188.81974   20.92391    0.28538  269.79009
  164  238.34248  188.88580   20.92290    0.28341  268.62216
  165  239.35576  188.95215   20.92190    0.28147  267.47225
  166  240.36211  189.01878   20.92093    0.27954  266.33995
  167  241.36161  189.08568   20.91997    0.27764  265.22484
  168  242.35435  189.15286   20.91902    0.27576  264.12651
  169  243.34040  189.22032   20.91810    0.27390  263.04459
  170  244.31984  189.28805   20.91719    0.27207  261.97869
  171  245.29275  189.35605   20.91629    0.27025  260.92846
  172  246.25919  189.42433   20.91542    0.26846  259.89354
  173  247.21925  189.49286   20.91455    0.26668  258.87358
  174  248.17298  189.56167   20.91371    0.26493  257.86827
  175  249.12047  189.63074   20.91287    0.26319  256.87728
  176  250.06177  189.70007   20.91205    0.26147  255.90029
  177  250.99695  189.76966   20.91125    0.25977  254.93701
  178  251.92609  189.83951   20.91045    0.25809  253.98715
  179  252.84923  189.90962   20.90967    0.25643  253.05041
  180  253.76645  189.97998   20.90891    0.25478  252.12653
  181  254.67780  190.05060   20.90815    0.25315  251.21524
  182  255.58336  190.12147   20.90741    0.25154  250.31628
  183  256.48316  190.19259   20.90668    0.24995  249.42939
  184  257.37728  190.26396   20.90596    0.24837  248.55433
  185  258.26577  190.33558   20.90525    0.24680  247.69086
  186  259.14869  190.40744   20.90455    0.24525  246.83875
  187  260.02608  190.47955   20.90387    0.24372  245.99777
  188  260.89801  190.55190   20.90319    0.24220  245.16771
  189  261.76453  190.62449   20.90253    0.24070  244.34835
  190  262.62569  190.69732   20.90187    0.23921  243.53949
  191  263.48154  190.77039   20.90123    0.23774  242.74091
  192  264.19793  190.84368   20.88998    0.19900  241.95243
  193  264.90994  190.91717   20.88948    0.19778  241.29636
  194  265.61759  190.99085   20.88899    0.19657  240.64783
  195  266.32093  191.06473   20.88850    0.19537  240.00670
  196  267.02000  191.13881   20.88802    0.19419  239.37285
  197  267.71483  191.21308   20.88755    0.19301  238.74616
  198  268.40546  191.28754   20.88708    0.19184  238.12652
  199  269.09193  191.36219   20.88662    0.19069  237.51380
  200  269.77426  191.43703   20.88616    0.18954  236.90789
  201  270.45251  191.51206   20.88571    0.18840  236.30868
  202  271.12669  191.58728   20.88527    0.18727  235.71606
  203  271.79685  191.66269   20.88483    0.18616  235.12993
  204  272.46302  191.73828   20.88440    0.18505  234.55018
  205  273.12523  191.81406   20.88397    0.18395  233.97671
  206  273.78351  191.89002   20.88355    0.18286  233.40941
  207  273.78351  191.96607    7.39949    0.00000   82.70198
  208  273.78351  192.04212    7.39949    0.00000   82.70198
  209  273.78351  192.11817    7.39949    0.00000   82.70198
  210  273.78351  192.19422    7.39949    0.00000   82.70198
  211  273.78351  192.27027    7.39949    0.00000   82.70198
  212  273.78351  192.34632    7.39949    0.00000   82.70198
  213  273.78351  192.42237    7.39949    0.00000   82.70198
  214  273.78351  192.49842    7.39949    0.00000   82.70198
  215  273.78351  192.57447    7.39949    0.00000   82.70198
  216  273.78351  192.65053    7.39949    0.00000   82.70198
  217  273.78351  192.72658    7.39949    0.00000   82.70198
  218  273.78351  192.80263    7.39949    0.00000   82.70198
  219  273.78351  192.87868    7.39949    0.00000   82.70198
  220  273.78351  192.95473    7.39949    0.00000   82.70198
  221  273.78351  193.03078    7.39949    0.00000   82.70198
  222  273.78351  193.10683    7.39949    0.00000   82.70198
  223  273.78351  193.18288    7.39949    0.00000   82.70198
  224  273.78351  193.25893    7.39949    0.00000   82.70198
  225  273.78351  193.33498    7.39949    0.00000   82.70198
  226  273.78351  193.41104    7.39949    0.00000   82.70198
  227  273.78351  193.48709    7.39949    0.00000   82.70198
  228  273.78351  193.56314    7.39949    0.00000   82.70198
  229  273.78351  193.63919    7.39949    0.00000   82.70198
  230  273.78351  193.71524    7.39949    0.00000   82.70198
  231  273.78351  193.79129    7.39949    0.00000   82.70198
  232  273.78351  193.86734    7.39949    0.00000   82.70198
  233  273.78351  193.94339    7.39949    0.00000   82.70198
  234  273.78351  194.01944    7.39949    0.00000   82.70198
  235  273.78351  194.09549    7.39949    0.00000   82.70198
  236  273.78351  194.17155    7.39949    0.00000   82.70198
  237  273.78351  194.24760    7.39949    0.00000   82.70198
  238  273.78351  194.32365    7.39949    0.00000   82.70198
  239  273.78351  194.39970    7.39949    0.00000   82.70198
  240  273.78351  194.47575    7.39949    0.00000   82.70198
  241  273.78351  194.55180    7.39949    0.00000   82.70198
  242  273.78351  194.62785    7.39949    0.00000   82.70198
  243  273.78351  194.70390    7.39949    0.00000   82.70198
  244  273.78351  194.77995    7.39949    0.00000   82.70198
  245  273.78351  194.85600    7.39949    0.00000   82.70198
  246  273.78351  194.93205    7.39949    0.00000   82.70198
  247  273.78351  195.00811    7.39949    0.00000   82.70198
  248  273.78351  195.08416    7.39949    0.00000   82.70198
  249  273.78351  195.16021    7.39949    0.00000   82.70198
  250  273.78351  195.23626    7.39949    0.00000   82.70198
  251  273.78351  195.31231    7.39949    0.00000   82.70198
  252  273.78351  195.38836    7.39949    0.00000   82.70198
  253  273.78351  195.46441    7.39949    0.00000   82.70198
  254  273.78351  195.54046    7.39949    0.00000   82.70198
  255  273.78351  195.61651    7.39949    0.00000   82.70198
  256  273.78351  195.69256    7.39949    0.00000   82.70198
  257  273.78351  195.76862    7.39949    0.00000   82.70198
  258  273.78351  195.84467    7.39949    0.00000   82.70198
  259  273.78351  195.92072    7.39949    0.00000   82.70198
  260  273.78351  195.99677    7.39949    0.00000   82.70198
  261  273.78351  196.07282    7.39949    0.00000   82.70198
  262  273.78351  196.14887    7.39949    0.00000   82.70198
  263  273.78351  196.22492    7.39949    0.00000   82.70198
  264  273.78351  196.30097    7.39949    0.00000   82.70198
  265  273.78351  196.37702    7.39949    0.00000   82.70198
  266  273.78351  196.45307    7.39949    0.00000   82.70198
  267  273.78351  196.52913    7.39949    0.00000   82.70198
  268  273.78351  196.60518    7.39949    0.00000   82.70198
  269  273.78351  196.68123    7.39949    0.00000   82.70198
  270  273.78351  196.75728    7.39949    0.00000   82.70198
  271  273.78351  196.83333    7.39949    0.00000   82.70198
  272  273.78351  196.90938    7.39949    0.00000   82.70198
  273  273.78351  196.98543    7.39949    0.00000   82.70198
  274  273.78351  197.06148    7.39949    0.00000   82.70198
  275  273.78351  197.13753    7.39949    0.00000   82.70198
  276  273.78351  197.21358    7.39949    0.00000   82.70198
  277  273.78351  197.28964    7.39949    0.00000   82.70198
  278  273.78351  197.36569    7.39949    0.00000   82.70198
  279  273.78351  197.44174    7.39949    0.00000   82.70198
  280  273.78351  197.51779    7.39949    0.00000   82.70198
  281  273.78351  197.59384    7.39949    0.00000   82.70198
  282  273.78351  197.66989    7.39949    0.00000   82.70198
  283  273.78351  197.74594    7.39949    0.00000   82.70198
  284  273.78351  197.82199    7.39949    0.00000   82.70198
  285  273.78351  197.89804    7.39949    0.00000   82.70198
  286  273.78351  197.97409    7.39949    0.00000   82.70198
  287  273.78351  198.05015    7.39949    0.00000   82.70198
  288  273.78351  198.12620    7.39949    0.00000   82.70198
  289  273.78351  198.20225    7.39949    0.00000   82.70198
  290  273.78351  198.27830    7.39949    0.00000   82.70198
  291  273.78351  198.35435    7.39949    0.00000   82.70198
  292  273.78351  198.43040    7.39949    0.00000   82.70198
  293  273.78351  198.50645    7.39949    0.00000   82.70198
  294  273.78351  198.58250    7.39949    0.00000   82.70198
  295  273.78351  198.65855    7.39949    0.00000   82.70198
  296  273.78351  198.73460    7.39949    0.00000   82.70198
  297  273.78351  198.81065    7.39949    0.00000   82.70198
  298  273.78351  198.88671    7.39949    0.00000   82.70198
  299  273.78351  198.96276    7.39949    0.00000   82.70198
  300  273.78351  199.03881    7.39949    0.00000   82.70198
  301  273.78351  199.11486    7.39949    0.00000   82.70198
  302  273.78351  199.19091    7.39949    0.00000   82.70198
  303  273.78351  199.26696    7.39949    0.00000   82.70198
  304  273.78351  199.34301    7.39949    0.00000   82.70198
  305  273.78351  199.41906    7.39949    0.00000   82.70198
  306  273.78351  199.49511    7.39949    0.00000   82.70198
  307  273.78351  199.57116    7.39949    0.00000   82.70198
  308  273.78351  199.64722    7.39949    0.00000   82.70198
  309  273.78351  199.72327    7.39949    0.00000   82.70198
  310  273.78351  199.79932    7.39949    0.00000   82.70198
  311  273.78351  199.87537    7.39949    0.00000   82.70198
  312  273.78351  199.95142    7.39949    0.00000   82.70198
  313  273.78351  200.02747    7.39949    0.00000   82.70198
  314  273.78351  200.10352    7.39949    0.00000   82.70198
  315  273.78351  200.17957    7.39949    0.00000   82.70198
  316  273.78351  200.25562    7.39949    0.00000   82.70198
  317  273.78351  200.33167    7.39949    0.00000   82.70198
  318  273.78351  200.40773    7.39949    0.00000   82.70198
  319  273.78351  200.48378    7.39949    0.00000   82.70198
  320  273.78351  200.55983    7.39949    0.00000   82.70198
  321  273.78351  200.63588    7.39949    0.00000   82.70198
  322  273.78351  200.71193    7.39949    0.00000   82.70198
  323  273.78351  200.78798    7.39949    0.00000   82.70198
  324  273.78351  200.86403    7.39949    0.00000   82.70198
  325  273.78351  200.94008    7.39949    0.00000   82.70198
  326  273.78351  201.01613    7.39949    0.00000   82.70198
  327  273.78351  201.09218    7.39949    0.00000   82.70198
  328  273.78351  201.16824    7.39949    0.00000   82.70198
  329  273.78351  201.24429    7.39949    0.00000   82.70198
  330  273.78351  201.32034    7.39949    0.00000   82.70198
  331  273.78351  201.39639    7.39949    0.00000   82.70198
  332  273.78351  201.47244    7.39949    0.00000   82.70198
  333  273.78351  201.54849    7.39949    0.00000   82.70198
  334  273.78351  201.62454    7.39949    0.00000   82.70198
  335  273.78351  201.70059    7.39949    0.00000   82.70198
  336  273.78351  201.77664    7.39949    0.00000   82.70198
  337  273.78351  201.85269    7.39949    0.00000   82.70198
  338  273.78351  201.92874    7.39949    0.00000   82.70198
  339  273.78351  202.00480    7.39949    0.00000   82.70198
  340  273.78351  202.08085    7.39949    0.00000   82.70198
  341  273.78351  202.15690    7.39949    0.00000   82.70198
  342  273.78351  202.23295    7.39949    0.00000   82.70198
  343  273.78351  202.30900    7.39949    0.00000   82.70198
  344  273.78351  202.38505    7.39949    0.00000   82.70198
  345  273.78351  202.46110    7.39949    0.00000   82.70198
  346  273.78351  202.53715    7.39949    0.00000   82.70198
  347  273.78351  202.61320    7.39949    0.00000   82.70198
  348  273.78351  202.68925    7.39949    0.00000   82.70198
  349  273.78351  202.76531    7.39949    0.00000   82.70198
  350  273.78351  202.84136    7.39949    0.00000   82.70198
  351  273.78351  202.91741    7.39949    0.00000   82.70198
  352  273.78351  202.99346    7.39949    0.00000   82.70198
  353  273.78351  203.06951    7.39949    0.00000   82.70198
  354  273.78351  203.14556    7.39949    0.00000   82.70198
  355  273.78351  203.22161    7.39949    0.00000   82.70198
  356  273.78351  203.29766    7.39949    0.00000   82.70198
  357  273.78351  203.37371    7.39949    0.00000   82.70198
  358  273.78351  203.44976    7.39949    0.00000   82.70198
  359  273.78351  203.52582    7.39949    0.00000   82.70198
  360  273.78351  203.60187    7.39949    0.00000   82.70198
  361  273.78351  203.67792    7.39949    0.00000   82.70198
  362  273.78351  203.75397    7.39949    0.00000   82.70198
  363  273.78351  203.83002    7.39949    0.00000   82.70198
  364  273.78351  203.90607    7.39949    0.00000   82.70198
  365  273.78351  203.98212    7.39949    0.00000   82.70198
  366  273.78351  204.05817    7.39949    0.00000   82.70198
  367  273.78351  204.13422    7.39949    0.00000   82.70198
  368  273.78351  204.21027    7.39949    0.00000   82.70198
  369  273.78351  204.28633    7.39949    0.00000   82.70198
  370  273.78351  204.36238    7.39949    0.00000   82.70198
  371  273.78351  204.43843    7.39949    0.00000   82.70198
  372  273.78351  204.51448    7.39949    0.00000   82.70198
  373  273.78351  204.59053    7.39949    0.00000   82.70198
  374  273.78351  204.66658    7.39949    0.00000   82.70198
  375  273.78351  204.74263    7.39949    0.00000   82.70198
  376  273.78351  204.81868    7.39949    0.00000   82.70198
  377  273.78351  204.89473    7.39949    0.00000   82.70198
  378  273.78351  204.97078    7.39949    0.00000   82.70198
  379  273.78351  205.04683    7.39949    0.00000   82.70198
  380  273.78351  205.12289    7.39949    0.00000   82.70198
  381  273.78351  205.19894    7.39949    0.00000   82.70198
  382  273.78351  205.27499    7.39949    0.00000   82.70198
  383  273.78351  205.35104    7.39949    0.00000   82.70198
  384  273.78351  205.42709    7.39949    0.00000   82.70198
  385  273.78351  205.50314    7.39949    0.00000   82.70198
  386  273.78351  205.57919    7.39949    0.00000   82.70198
  387  273.78351  205.65524    7.39949    0.00000   82.70198
  388  273.78351  205.73129    7.39949    0.00000   82.70198
  389  273.78351  205.80734    7.39949    0.00000   82.70198
  390  273.78351  205.88340    7.39949    0.00000   82.70198
  391  273.78351  205.95945    7.39949    0.00000   82.70198
  392  273.78351  206.03550    7.39949    0.00000   82.70198
  393  273.78351  206.11155    7.39949    0.00000   82.70198
  394  273.78351  206.18760    7.39949    0.00000   82.70198
  395  273.78351  206.26365    7.39949    0.00000   82.70198
  396  273.78351  206.33970    7.39949    0.00000   82.70198
  397  273.78351  206.41575    7.39949    0.00000   82.70198
  398  273.78351  206.49180    7.39949    0.00000   82.70198
  399  273.78351  206.56785    7.39949    0.00000   82.70198
  400  273.78351  206.64391    7.39949    0.00000   82.70198
  401  273.78351  206.71996    7.39949    0.00000   82.70198
  402  273.78351  206.79601    7.39949    0.00000   82.70198
  403  273.78351  206.87206    7.39949    0.00000   82.70198
  404  273.78351  206.94811    7.39949    0.00000   82.70198
  405  273.78351  207.02416    7.39949    0.00000   82.70198
  406  273.78351  207.10021    7.39949    0.00000   82.70198
  407  273.78351  207.17626    7.39949    0.00000   82.70198
  408  273.78351  207.25231    7.39949    0.00000   82.70198
  409  273.78351  207.32836    7.39949    0.00000   82.70198
  410  273.78351  207.40442    7.39949    0.00000   82.70198
  411  273.78351  207.48047    7.39949    0.00000   82.70198
  412  273.78351  207.55652    4.04276    0.00000   45.18481
  413  273.78351  207.63257    4.04276    0.00000   45.18481
  414  273.78351  207.70862    4.04276    0.00000   45.18481
  415  273.78351  207.78467    4.04276    0.00000   45.18481
  416  273.78351  207.86072    4.04276    0.00000   45.18481
  417  273.78351  207.93677    4.04276    0.00000   45.18481
  418  273.78351  208.01282    4.04276    0.00000   45.18481
  419  273.78351  208.08887    4.04276    0.00000   45.18481
  420  273.78351  208.16492    4.04276    0.00000   45.18481
  421  273.78351  208.24098    4.04276    0.00000   45.18481
  422  273.78351  208.31703    4.04276    0.00000   45.18481
  423  273.78351  208.39308    4.04276    0.00000   45.18481
  424  273.78351  208.46913    4.04276    0.00000   45.18481
  425  273.78351  208.54518    4.04276    0.00000   45.18481
  426  273.78351  208.62123    4.04276    0.00000   45.18481
  427  273.78351  208.69728    4.04276    0.00000   45.18481
  428  273.78351  208.77333    4.04276    0.00000   45.18481
  429  273.78351  208.84938    4.04276    0.00000   45.18481
  430  273.78351  208.92543    4.04276    0.00000   45.18481
  431  273.78351  209.00149    4.04276    0.00000   45.18481
  432  273.78351  209.07754    4.04276    0.00000   45.18481
  433  273.78351  209.15359    4.04276    0.00000   45.18481
  434  273.78351  209.22964    4.04276    0.00000   45.18481
  435  273.78351  209.30569    4.04276    0.00000   45.18481
  436  273.78351  209.38174    4.04276    0.00000   45.18481
  437  273.78351  209.45779    4.04276    0.00000   45.18481
  438  273.78351  209.53384    4.04276    0.00000   45.18481
  439  273.78351  209.60989    4.04276    0.00000   45.18481
  440  273.78351  209.68594    4.04276    0.00000   45.18481
  441  273.78351  209.76200    4.04276    0.00000   45.18481
  442  273.78351  209.83805    4.04276    0.00000   45.18481
  443  273.78351  209.91410    4.04276    0.00000   45.18481
  444  273.78351  209.99015    4.04276    0.00000   45.18481
  445  273.78351  210.06620    4.04276    0.00000   45.18481
  446  273.78351  210.14225    4.04276    0.00000   45.18481
  447  273.78351  210.21830    4.04276    0.00000   45.18481
  448  273.78351  210.29435    4.04276    0.00000   45.18481
  449  273.78351  210.37040    4.04276    0.00000   45.18481
  450  273.78351  210.44645    4.04276    0.00000   45.18481
  451  273.78351  210.52251    4.04276    0.00000   45.18481
  452  273.78351  210.59856    4.04276    0.00000   45.18481
  453  273.78351  210.67461    4.04276    0.00000   45.18481
  454  273.78351  210.75066    4.04276    0.00000   45.18481
  455  273.78351  210.82671    4.04276    0.00000   45.18481
  456  273.78351  210.90276    4.04276    0.00000   45.18481
  457  273.78351  210.97881    4.04276    0.00000   45.18481
  458  273.78351  211.05486    4.04276    0.00000   45.18481
  459  273.78351  211.13091    4.04276    0.00000   45.18481
  460  273.78351  211.20696    4.04276    0.00000   45.18481
  461  273.78351  211.28301    4.04276    0.00000   45.18481
  462  273.78351  211.35907    4.04276    0.00000   45.18481
  463  273.78351  211.43512    4.04276    0.00000   45.18481
  464  273.78351  211.51117    4.04276    0.00000   45.18481
  465  273.78351  211.58722    4.04276    0.00000   45.18481
  466  273.78351  211.66327    4.04276    0.00000   45.18481
  467  273.78351  211.73932    4.04276    0.00000   45.18481
  468  273.78351  211.81537    4.04276    0.00000   45.18481
  469  273.78351  211.89142    4.04276    0.00000   45.18481
  470  273.78351  211.96747    4.04276    0.00000   45.18481
  471  273.78351  212.04352    4.04276    0.00000   45.18481
  472  273.78351  212.11958    4.04276    0.00000   45.18481
  473  273.78351  212.19563    4.04276    0.00000   45.18481
  474  273.78351  212.27168    7.39949    0.00000   82.70198
  475  273.78351  212.34773    7.39949    0.00000   82.70198
  476  273.78351  212.42378    7.39949    0.00000   82.70198
  477  273.78351  212.49983    7.39949    0.00000   82.70198
  478  273.78351  212.57588    7.39949    0.00000   82.70198
  479  273.78351  212.65193    7.39949    0.00000   82.70198
  480  273.78351  212.72798    7.39949    0.00000   82.70198
  481  273.78351  212.80403    7.39949    0.00000   82.70198
  482  273.78351  212.88009    7.39949    0.00000   82.70198
  483  273.78351  212.95614    7.39949    0.00000   82.70198
  484  273.78351  213.03219    7.39949    0.00000   82.70198
  485  273.78351  213.10824    7.39949    0.00000   82.70198
  486  273.78351  213.18429    7.39949    0.00000   82.70198
  487  273.78351  213.26034    7.39949    0.00000   82.70198
  488  273.78351  213.33639    7.39949    0.00000   82.70198
  489  273.78351  213.41244    7.39949    0.00000   82.70198
  490  273.78351  213.48849    7.39949    0.00000   82.70198
  491  273.78351  213.56454    7.39949    0.00000   82.70198
  492  273.78351  213.64060    7.39949    0.00000   82.70198
  493  273.78351  213.71665    7.39949    0.00000   82.70198
  494  273.78351  213.79270    7.39949    0.00000   82.70198
  495  273.78351  213.86875    7.39949    0.00000   82.70198
  496  273.78351  213.94480    7.39949    0.00000   82.70198
  497  273.78351  214.02085    7.39949    0.00000   82.70198
  498  273.78351  214.09690    7.39949    0.00000   82.70198
  499  273.78351  214.17295    7.39949    0.00000   82.70198
  500  273.78351  214.24900    7.39949    0.00000   82.70198
  501  273.78351  214.32505    7.39949    0.00000   82.70198
  502  273.78351  214.40110    7.39949    0.00000   82.70198
  503  273.78351  214.47716    7.39949    0.00000   82.70198
  504  273.78351  214.55321    7.39949    0.00000   82.70198
  505  273.78351  214.62926    7.39949    0.00000   82.70198
  506  273.78351  214.70531    7.39949    0.00000   82.70198
  507  273.78351  214.78136    7.39949    0.00000   82.70198
  508  273.78351  214.85741    7.39949    0.00000   82.70198
  509  273.78351  214.93346    7.39949    0.00000   82.70198
  510  273.78351  215.00951    7.39949    0.00000   82.70198
  511  273.78351  215.08556    7.39949    0.00000   82.70198
  512  273.78351  215.16161    7.39949    0.00000   82.70198
  513  273.78351  215.23767    7.39949    0.00000   82.70198
  514  273.78351  215.31372    7.39949    0.00000   82.70198
  515  273.78351  215.38977    7.39949    0.00000   82.70198
  516  273.78351  215.46582    7.39949    0.00000   82.70198
  517  273.78351  215.54187    7.39949    0.00000   82.70198
  518  273.78351  215.61792    7.39949    0.00000   82.70198
  519  273.78351  215.69397    7.39949    0.00000   82.70198
  520  273.78351  215.77002    7.39949    0.00000   82.70198
  521  273.78351  215.84607    7.39949    0.00000   82.70198
  522  273.78351  215.92212    7.39949    0.00000   82.70198
  523  273.78351  215.99818    7.39949    0.00000   82.70198
  524  273.78351  216.07423    7.39949    0.00000   82.70198
  525  273.78351  216.15028    7.39949    0.00000   82.70198
  526  273.78351  216.22633    7.39949    0.00000   82.70198
  527  273.78351  216.30238    7.39949    0.00000   82.70198
  528  273.78351  216.37843    7.39949    0.00000   82.70198
  529  273.78351  216.45448    7.39949    0.00000   82.70198
  530  273.78351  216.53053    7.39949    0.00000   82.70198
  531  273.78351  216.60658    7.39949    0.00000   82.70198
  532  273.78351  216.68263    7.39949    0.00000   82.70198
  533  273.78351  216.75869    7.39949    0.00000   82.70198
  534  273.78351  216.83474    7.39949    0.00000   82.70198
  535  273.78351  216.91079    7.39949    0.00000   82.70198
  536  273.78351  216.98684    7.39949    0.00000   82.70198
  537  273.78351  217.06289    7.39949    0.00000   82.70198
  538  273.78351  217.13894    7.39949    0.00000   82.70198
  539  273.78351  217.21499    7.39949    0.00000   82.70198
  540  273.78351  217.29104    7.39949    0.00000   82.70198
  541  273.78351  217.36709    7.39949    0.00000   82.70198
  542  273.78351  217.44314    7.39949    0.00000   82.70198
  543  273.78351  217.51919    7.39949    0.00000   82.70198
  544  273.78351  217.59525    7.39949    0.00000   82.70198
  545  273.78351  217.67130   14.21444    0.00000  158.87074
  546  273.78351  217.74735   14.21444    0.00000  158.87074
  547  273.78351  217.82340   14.21444    0.00000  158.87074
  548  273.78351  217.89945   14.21444    0.00000  158.87074
  549  273.78351  217.97550   14.21444    0.00000  158.87074
  550  273.78351  218.05155   14.21444    0.00000  158.87074
  551  273.78351  218.12760   14.21444    0.00000  158.87074
  552  273.78351  218.20365   14.21444    0.00000  158.87074
  553  273.78351  218.27970   14.21444    0.00000  158.87074
  554  273.78351  218.35576   14.21444    0.00000  158.87074
  555  273.78351  218.43181   14.21444    0.00000  158.87074
  556  273.78351  218.50786   14.21444    0.00000  158.87074
  557  273.78351  218.58391   14.21444    0.00000  158.87074
  558  273.09110  218.65986    0.00000   -0.19234    0.00000
  559  272.40021  218.73563    0.00000   -0.19191    0.00000
  560  271.71083  218.81120    0.00000   -0.19149    0.00000
  561  271.02297  218.88658    0.00000   -0.19107    0.00000
  562  270.33660  218.96177    0.00000   -0.19066    0.00000
  563  269.65174  219.03676    0.00000   -0.19024    0.00000
  564  268.96836  219.11157    0.00000   -0.18983    0.00000
  565  268.28647  219.18619    0.00000   -0.18941    0.00000
  566  267.60605  219.26062    0.00000   -0.18900    0.00000
  567  266.92711  219.33486    0.00000   -0.18860    0.00000
  568  266.24963  219.40891    0.00000   -0.18819    0.00000
  569  265.57361  219.48278    0.00000   -0.18778    0.00000
  570  264.89904  219.55645    0.00000   -0.18738    0.00000
  571  264.22592  219.62994    0.00000   -0.18698    0.00000
  572  263.55423  219.70325    0.00000   -0.18658    0.00000
  573  262.88398  219.77636    0.00000   -0.18618    0.00000
  574  262.54713  219.84934    0.00000   -0.09357    0.00000
  575  262.21100  219.92222    0.00000   -0.09337    0.00000
  576  261.87558  219.99501    0.00000   -0.09317    0.00000
  577  261.54087  220.06771    0.00000   -0.09297    0.00000
  578  261.20687  220.14031    0.00000   -0.09278    0.00000
  579  260.87358  220.21282    0.00000   -0.09258    0.00000
  580  260.54099  220.28524    0.00000   -0.09239    0.00000
  581  260.20911  220.35757    0.00000   -0.09219    0.00000
  582  259.87793  220.42980    0.00000   -0.09200    0.00000
  583  259.54744  220.50195    0.00000   -0.09180    0.00000
  584  259.21765  220.57400    0.00000   -0.09161    0.00000
  585  258.88856  220.64596    0.00000   -0.09142    0.00000
  586  258.56016  220.71782    0.00000   -0.09122    0.00000
  587  258.23244  220.78960    0.00000   -0.09103    0.00000
  588  257.90542  220.86129    0.00000   -0.09084    0.00000
  589  257.57908  220.93288    0.00000   -0.09065    0.00000
  590  257.25342  221.00439    0.00000   -0.09046    0.00000
  591  256.92844  221.07580    0.00000   -0.09027    0.00000
  592  256.60414  221.14712    0.00000   -0.09008    0.00000
  593  256.28052  221.21836    0.00000   -0.08989    0.00000
  594  255.95758  221.28950    0.00000   -0.08971    0.00000
  595  255.63530  221.36056    0.00000   -0.08952    0.00000
  596  255.31370  221.43152    0.00000   -0.08933    0.00000
  597  254.99276  221.50240    0.00000   -0.08915    0.00000
  598  254.67249  221.57319    0.00000   -0.08896    0.00000
  599  254.35289  221.64388    0.00000   -0.08878    0.00000
  600  254.03394  221.71449    0.00000   -0.08860    0.00000
  601  253.71566  221.78501    0.00000   -0.08841    0.00000
  602  253.39803  221.85545    0.00000   -0.08823    0.00000
  603  253.08106  221.92579    0.00000   -0.08805    0.00000
  604  252.76475  221.99605    0.00000   -0.08787    0.00000
  605  252.44908  222.06621    0.00000   -0.08768    0.00000
  606  252.13407  222.13630    0.00000   -0.08750    0.00000
  607  251.81970  222.20629    0.00000   -0.08732    0.00000
  608  251.50598  222.27620    0.00000   -0.08714    0.00000
  609  251.19290  222.34602    0.00000   -0.08697    0.00000
  610  250.88047  222.41575    0.00000   -0.08679    0.00000
  611  250.56867  222.48539    0.00000   -0.08661    0.00000
  612  250.25752  222.55495    0.00000   -0.08643    0.00000
  613  249.94699  222.62443    0.00000   -0.08626    0.00000
  614  249.63711  222.69381    0.00000   -0.08608    0.00000
  615  249.32785  222.76311    0.00000   -0.08590    0.00000
  616  249.01922  222.83233    0.00000   -0.08573    0.00000
  617  248.71123  222.90146    0.00000   -0.08555    0.00000
  618  248.40386  222.97050    0.00000   -0.08538    0.00000
  619  248.09711  223.03946    0.00000   -0.08521    0.00000
  620  247.79098  223.10833    0.00000   -0.08503    0.00000
  621  247.48548  223.17712    0.00000   -0.08486    0.00000
  622  247.18059  223.24582    0.00000   -0.08469    0.00000
  623  246.87632  223.31444    0.00000   -0.08452    0.00000
  624  246.57267  223.38298    0.00000   -0.08435    0.00000
  625  246.26963  223.45143    0.00000   -0.08418    0.00000
  626  245.96720  223.51979    0.00000   -0.08401    0.00000
  627  245.66538  223.58808    0.00000   -0.08384    0.00000
  628  245.36417  223.65628    0.00000   -0.08367    0.00000
  629  245.06356  223.72439    0.00000   -0.08350    0.00000
  630  244.76355  223.79242    0.00000   -0.08333    0.00000
  631  244.46415  223.86037    0.00000   -0.08317    0.00000
  632  244.16535  223.92824    0.00000   -0.08300    0.00000
  633  243.86715  223.99602    0.00000   -0.08283    0.00000
  634  243.56954  224.06372    0.00000   -0.08267    0.00000
  635  243.27253  224.13133    0.00000   -0.08250    0.00000
  636  242.97611  224.19887    0.00000   -0.08234    0.00000
  637  242.68028  224.26632    0.00000   -0.08217    0.00000
  638  242.38504  224.33369    0.00000   -0.08201    0.00000
  639  242.09039  224.40098    0.00000   -0.08185    0.00000
  640  241.79633  224.46819    0.00000   -0.08168    0.00000
  641  241.50285  224.53531    0.00000   -0.08152    0.00000
  642  241.20995  224.60235    0.00000   -0.08136    0.00000
  643  240.91763  224.66932    0.00000   -0.08120    0.00000
  644  240.62589  224.73620    0.00000   -0.08104    0.00000
  645  240.33473  224.80300    0.00000   -0.08088    0.00000
  646  240.04414  224.86972    0.00000   -0.08072    0.00000
  647  239.75413  224.93636    0.00000   -0.08056    0.00000
  648  239.46469  225.00291    0.00000   -0.08040    0.00000
  649  239.17582  225.06939    0.00000   -0.08024    0.00000
  650  238.88752  225.13579    0.00000   -0.08008    0.00000
  651  238.59979  225.20211    0.00000   -0.07993    0.00000
  652  238.31262  225.26834    0.00000   -0.07977    0.00000
  653  238.02601  225.33450    0.00000   -0.07961    0.00000
  654  237.73997  225.40058    0.00000   -0.07946    0.00000
  655  237.45449  225.46658    0.00000   -0.07930    0.00000
  656  237.16956  225.53250    0.00000   -0.07915    0.00000
  657  236.88519  225.59834    0.00000   -0.07899    0.00000
  658  236.60138  225.66410    0.00000   -0.07884    0.00000
  659  236.31812  225.72979    0.00000   -0.07868    0.00000
  660  236.03542  225.79539    0.00000   -0.07853    0.00000
  661  235.75326  225.86092    0.00000   -0.07838    0.00000
  662  235.47166  225.92637    0.00000   -0.07822    0.00000
  663  235.19060  225.99174    0.00000   -0.07807    0.00000
  664  234.91009  226.05703    0.00000   -0.07792    0.00000
  665  234.63012  226.12224    0.00000   -0.07777    0.00000
  666  234.35069  226.18738    0.00000   -0.07762    0.00000
  667  234.07181  226.25244    0.00000   -0.07747    0.00000
  668  233.79346  226.31742    0.00000   -0.07732    0.00000
  669  233.51565  226.38232    0.00000   -0.07717    0.00000
  670  233.23838  226.44715    0.00000   -0.07702    0.00000
  671  232.96164  226.51190    0.00000   -0.07687    0.00000
  672  232.68544  226.57657    0.00000   -0.07672    0.00000
  673  232.40977  226.64117    0.00000   -0.07658    0.00000
  674  232.13463  226.70569    0.00000   -0.07643    0.00000
  675  231.86001  226.77013    0.00000   -0.07628    0.00000
  676  231.58593  226.83450    0.00000   -0.07614    0.00000
  677  231.31237  226.89879    0.00000   -0.07599    0.00000
  678  231.03933  226.96301    0.00000   -0.07584    0.00000
  679  230.76681  227.02715    0.00000   -0.07570    0.00000
  680  230.49482  227.09121    0.00000   -0.07555    0.00000
  681  230.22335  227.15520    0.00000   -0.07541    0.00000
  682  229.95239  227.21911    0.00000   -0.07527    0.00000
  683  229.68195  227.28295    0.00000   -0.07512    0.00000
  684  229.41203  227.34671    0.00000   -0.07498    0.00000
  685  229.14262  227.41040    0.00000   -0.07484    0.00000
  686  228.87372  227.47401    0.00000   -0.07469    0.00000
  687  228.60533  227.53755    0.00000   -0.07455    0.00000
  688  228.33745  227.60102    0.00000   -0.07441    0.00000
  689  228.07008  227.66441    0.00000   -0.07427    0.00000
  690  227.80322  227.72772    0.00000   -0.07413    0.00000
  691  227.53686  227.79097    0.00000   -0.07399    0.00000
  692  227.27100  227.85413    0.00000   -0.07385    0.00000
  693  227.00565  227.91723    0.00000   -0.07371    0.00000
  694  226.74079  227.98025    0.00000   -0.07357    0.00000
  695  226.47644  228.04319    0.00000   -0.07343    0.00000
  696  226.21258  228.10607    0.00000   -0.07329    0.00000
  697  225.94922  228.16887    0.00000   -0.07316    0.00000
  698  225.68636  228.23159    0.00000   -0.07302    0.00000
  699  225.42398  228.29425    0.00000   -0.07288    0.00000
  700  225.16210  228.35683    0.00000   -0.07274    0.00000
  701  224.90072  228.41934    0.00000   -0.07261    0.00000
  702  224.63982  228.48178    0.00000   -0.07247    0.00000
  703  224.37940  228.54414    0.00000   -0.07234    0.00000
  704  224.11948  228.60643    0.00000   -0.07220    0.00000
  705  223.86004  228.66865    0.00000   -0.07207    0.00000
  706  223.60108  228.73080    0.00000   -0.07193    0.00000
  707  223.34261  228.79287    0.00000   -0.07180    0.00000
  708  223.08462  228.85488    0.00000   -0.07166    0.00000
  709  222.82711  228.91681    0.00000   -0.07153    0.00000
  710  222.57007  228.97867    0.00000   -0.07140    0.00000
  711  222.31352  229.04046    0.00000   -0.07127    0.00000
  712  222.05743  229.10218    0.00000   -0.07113    0.00000
  713  221.80183  229.16382    0.00000   -0.07100    0.00000
  714  221.54670  229.22540    0.00000   -0.07087    0.00000
  715  221.29203  229.28691    0.00000   -0.07074    0.00000
  716  221.03784  229.34834    0.00000   -0.07061    0.00000
  717  220.78412  229.40970    0.00000   -0.07048    0.00000
  718  220.53087  229.47100    0.00000   -0.07035    0.00000
  719  220.27808  229.53222    0.00000   -0.07022    0.00000
  720  220.02576  229.59338    0.00000   -0.07009    0.00000
  721  219.77390  229.65446    0.00000   -0.06996    0.00000
  722  219.52251  229.71547    0.00000   -0.06983    0.00000
  723  219.27158  229.77642    0.00000   -0.06970    0.00000
  724  219.02110  229.83729    0.00000   -0.06958    0.00000
  725  218.77109  229.89809    0.00000   -0.06945    0.00000
  726  218.52153  229.95883    0.00000   -0.06932    0.00000
  727  218.27243  230.01949    0.00000   -0.06919    0.00000
  728  218.02379  230.08009    0.00000   -0.06907    0.00000
  729  217.77560  230.14062    0.00000   -0.06894    0.00000
  730  217.52786  230.20108    0.00000   -0.06882    0.00000
  731  217.28058  230.26147    0.00000   -0.06869    0.00000
  732  217.03374  230.32179    0.00000   -0.06857    0.00000
  733  216.78735  230.38204    0.00000   -0.06844    0.00000
  734  216.54141  230.44223    0.00000   -0.06832    0.00000
  735  216.29592  230.50234    0.00000   -0.06819    0.00000
  736  216.05087  230.56239    0.00000   -0.06807    0.00000
  737  215.80627  230.62237    0.00000   -0.06795    0.00000
  738  215.56211  230.68228    0.00000   -0.06782    0.00000
  739  215.31839  230.74213    0.00000   -0.06770    0.00000
  740  215.07511  230.80191    0.00000   -0.06758    0.00000
  741  214.83227  230.86161    0.00000   -0.06746    0.00000
  742  214.58987  230.92126    0.00000   -0.06733    0.00000
  743  214.34791  230.98083    0.00000   -0.06721    0.00000
  744  214.10638  231.04034    0.00000   -0.06709    0.00000
  745  213.86529  231.09978    0.00000   -0.06697    0.00000
  746  213.62463  231.15915    0.00000   -0.06685    0.00000
  747  213.38440  231.21846    0.00000   -0.06673    0.00000
  748  213.14460  231.27770    0.00000   -0.06661    0.00000
  749  212.90524  231.33687    0.00000   -0.06649    0.00000
  750  212.66630  231.39598    0.00000   -0.06637    0.00000
  751  212.42779  231.45502    0.00000   -0.06625    0.00000
  752  212.18971  231.51400    0.00000   -0.06613    0.00000
  753  211.95205  231.57290    0.00000   -0.06602    0.00000
  754  211.71481  231.63175    0.00000   -0.06590    0.00000
  755  211.47800  231.69052    0.00000   -0.06578    0.00000
  756  211.24161  231.74924    0.00000   -0.06566    0.00000
  757  211.00564  231.80788    0.00000   -0.06555    0.00000
  758  210.77009  231.86646    0.00000   -0.06543    0.00000
  759  210.53496  231.92498    0.00000   -0.06531    0.00000
  760  210.30025  231.98342    0.00000   -0.06520    0.00000
  761  210.06595  232.04181    0.00000   -0.06508    0.00000
  762  209.83207  232.10013    0.00000   -0.06497    0.00000
  763  209.59860  232.15838    0.00000   -0.06485    0.00000
  764  209.36555  232.21657    0.00000   -0.06474    0.00000
  765  209.13290  232.27470    0.00000   -0.06462    0.00000
  766  208.90067  232.33276    0.00000   -0.06451    0.00000
  767  208.66885  232.39075    0.00000   -0.06440    0.00000
  768  208.43743  232.44868    0.00000   -0.06428    0.00000
  769  208.20643  232.50655    0.00000   -0.06417    0.00000
  770  207.97583  232.56435    0.00000   -0.06406    0.00000
  771  207.74563  232.62209    0.00000   -0.06394    0.00000
  772  207.51584  232.67977    0.00000   -0.06383    0.00000
  773  207.28645  232.73738    0.00000   -0.06372    0.00000
  774  207.05747  232.79493    0.00000   -0.06361    0.00000
  775  206.82888  232.85241    0.00000   -0.06350    0.00000
  776  206.01242  232.90975   -0.00795   -0.22679   -0.16341
  777  205.19739  232.96686   -0.00792   -0.22640   -0.16341
  778  204.38378  233.02375   -0.00789   -0.22600   -0.16341
  779  203.57158  233.08041   -0.00785   -0.22561   -0.16341
  780  202.76078  233.13685   -0.00782   -0.22522   -0.16341
  781  201.95138  233.19306   -0.00779   -0.22483   -0.16341
  782  201.14337  233.24904   -0.00776   -0.22445   -0.16341
  783  200.33675  233.30480   -0.00773   -0.22406   -0.16341
  784  199.53151  233.36034   -0.00770   -0.22368   -0.16341
  785  198.72763  233.41565   -0.00767   -0.22330   -0.16341
  786  197.92512  233.47074   -0.00764   -0.22292   -0.16341
  787  197.12397  233.52561   -0.00761   -0.22254   -0.16341
  788  196.32417  233.58026   -0.00757   -0.22217   -0.16341
  789  195.52572  233.63468   -0.00754   -0.22179   -0.16341
  790  194.72860  233.68888   -0.00751   -0.22142   -0.16341
  791  193.93281  233.74286   -0.00748   -0.22105   -0.16341
  792  193.13835  233.79662   -0.00745   -0.22068   -0.16341
  793  192.34521  233.85016   -0.00742   -0.22032   -0.16341
  794  191.55338  233.90348   -0.00739   -0.21995   -0.16341
  795  190.76285  233.95658   -0.00736   -0.21959   -0.16341
  796  189.97362  234.00946   -0.00733   -0.21923   -0.16341
  797  189.18569  234.06212   -0.00730   -0.21887   -0.16341
  798  188.39904  234.11456   -0.00727   -0.21851   -0.16341
  799  187.61368  234.16679   -0.00724   -0.21816   -0.16341
  800  186.82958  234.21879   -0.00721   -0.21780   -0.16341
  801  186.04676  234.27058   -0.00718   -0.21745   -0.16341
  802  185.26520  234.32215   -0.00715   -0.21710   -0.16341
  803  184.48489  234.37351   -0.00712   -0.21675   -0.16341
  804  183.70583  234.42465   -0.00709   -0.21641   -0.16341
  805  182.92801  234.47557   -0.00706   -0.21606   -0.16341
  806  182.15143  234.52627   -0.00703   -0.21572   -0.16341
  807  181.37609  234.57676   -0.00700   -0.21537   -0.16341
  808  180.60197  234.62704   -0.00697   -0.21503   -0.16341
  809  179.82906  234.67710   -0.00694   -0.21470   -0.16341
  810  179.05737  234.72694   -0.00691   -0.21436   -0.16341
  811  178.28689  234.77657   -0.00688   -0.21402   -0.16341
  812  177.51761  234.82599   -0.00685   -0.21369   -0.16341
  813  176.74952  234.87519   -0.00682   -0.21336   -0.16341
  814  175.98262  234.92419   -0.00679   -0.21303   -0.16341
  815  175.21691  234.97296   -0.00676   -0.21270   -0.16341
  816  174.45238  235.02153   -0.00673   -0.21237   -0.16341
  817  173.68901  235.06988   -0.00670   -0.21205   -0.16341
  818  172.92682  235.11802   -0.00667   -0.21172   -0.16341
  819  172.16578  235.16595   -0.00664   -0.21140   -0.16341
  820  171.40590  235.21367   -0.00661   -0.21108   -0.16341
  821  170.64717  235.26118   -0.00658   -0.21076   -0.16341
  822  169.88958  235.30847   -0.00655   -0.21044   -0.16341
  823  169.13313  235.35556   -0.00653   -0.21012   -0.16341
  824  168.37781  235.40244   -0.00650   -0.20981   -0.16341
  825  167.62363  235.44910   -0.00647   -0.20950   -0.16341
  826  166.87056  235.49556   -0.00644   -0.20919   -0.16341
  827  166.11860  235.54181   -0.00641   -0.20888   -0.16341
  828  165.36776  235.58785   -0.00638   -0.20857   -0.16341
  829  164.61803  235.63368   -0.00635   -0.20826   -0.16341
  830  163.86939  235.67930   -0.00632   -0.20795   -0.16341
  831  163.12185  235.72472   -0.00629   -0.20765   -0.16341
  832  162.37539  235.76993   -0.00626   -0.20735   -0.16341
  833  161.63002  235.81493   -0.00624   -0.20705   -0.16341
  834  160.88573  235.85972   -0.00621   -0.20675   -0.16341
  835  160.14251  235.90431   -0.00618   -0.20645   -0.16341
  836  159.40036  235.94869   -0.00615   -0.20615   -0.16341
  837  158.65927  235.99287   -0.00612   -0.20586   -0.16341
  838  157.91924  236.03684   -0.00609   -0.20556   -0.16341
  839  157.18026  236.08060   -0.00606   -0.20527   -0.16341
  840  156.44233  236.12416   -0.00604   -0.20498   -0.16341
  841  155.70544  236.16751   -0.00601   -0.20469   -0.16341
  842  154.96958  236.21066   -0.00598   -0.20440   -0.16341
  843  154.23476  236.25361   -0.00595   -0.20412   -0.16341
  844  153.50096  236.29635   -0.00592   -0.20383   -0.16341
  845  152.76818  236.33888   -0.00589   -0.20355   -0.16341
  846  152.03642  236.38122   -0.00587   -0.20327   -0.16341
  847  151.30567  236.42335   -0.00584   -0.20299   -0.16341
  848  150.57593  236.46528   -0.00581   -0.20271   -0.16341
  849  149.84719  236.50700   -0.00578   -0.20243   -0.16341
  850  149.11944  236.54853   -0.00575   -0.20215   -0.16341
  851  148.39269  236.58985   -0.00573   -0.20188   -0.16341
  852  147.66692  236.63097   -0.00570   -0.20160   -0.16341
  853  146.94213  236.67188   -0.00567   -0.20133   -0.16341
  854  146.21832  236.71260   -0.00564   -0.20106   -0.16341
  855  145.49548  236.75312   -0.00561   -0.20079   -0.16341
  856  144.77361  236.79343   -0.00559   -0.20052   -0.16341
  857  144.05270  236.83355   -0.00556   -0.20025   -0.16341
  858  143.33274  236.87346   -0.00553   -0.19999   -0.16341
  859  142.61374  236.91318   -0.00550   -0.19972   -0.16341
  860  141.89569  236.95269   -0.00547   -0.19946   -0.16341
  861  141.17858  236.99201   -0.00545   -0.19920   -0.16341
  862  140.46241  237.03112   -0.00542   -0.19894   -0.16341
  863  139.74717  237.07004   -0.00539   -0.19868   -0.16341
  864  139.03286  237.10876   -0.00536   -0.19842   -0.16341
  865  138.31947  237.14728   -0.00534   -0.19816   -0.16341
  866  137.60701  237.18561   -0.00531   -0.19791   -0.16341
  867  136.89546  237.22373   -0.00528   -0.19765   -0.16341
  868  136.18482  237.26166   -0.00525   -0.19740   -0.16341
  869  135.47508  237.29939   -0.00523   -0.19715   -0.16341
  870  134.76625  237.33692   -0.00520   -0.19690   -0.16341
  871  134.05831  237.37426   -0.00517   -0.19665   -0.16341
  872  133.35127  237.41140   -0.00515   -0.19640   -0.16341
  873  132.64511  237.44834   -0.00512   -0.19615   -0.16341
  874  131.93984  237.48509   -0.00509   -0.19591   -0.16341
  875  131.23544  237.52164   -0.00506   -0.19567   -0.16341
  876  130.53192  237.55800   -0.00504   -0.19542   -0.16341
  877  129.82927  237.59416   -0.00501   -0.19518   -0.16341
  878  129.12748  237.63013   -0.00498   -0.19494   -0.16341
  879  128.42656  237.66590   -0.00496   -0.19470   -0.16341
  880  127.72649  237.70148   -0.00493   -0.19446   -0.16341
  881  127.02727  237.73686   -0.00490   -0.19423   -0.16341
  882  126.32891  237.77205   -0.00487   -0.19399   -0.16341
  883  125.63138  237.80704   -0.00485   -0.19376   -0.16341
  884  124.93470  237.84184   -0.00482   -0.19352   -0.16341
  885  124.23885  237.87645   -0.00479   -0.19329   -0.16341
  886  123.54383  237.91086   -0.00477   -0.19306   -0.16341
  887  122.84964  237.94509   -0.00474   -0.19283   -0.16341
  888  122.15626  237.97911   -0.00471   -0.19260   -0.16341
  889  121.46371  238.01295   -0.00469   -0.19238   -0.16341
  890  120.77197  238.04659   -0.00466   -0.19215   -0.16341
  891  120.08104  238.08005   -0.00463   -0.19192   -0.16341
  892  119.39092  238.11331   -0.00461   -0.19170   -0.16341
  893  118.70160  238.14637   -0.00458   -0.19148   -0.16341
  894  118.01307  238.17925   -0.00455   -0.19126   -0.16341
  895  117.32534  238.21194   -0.00453   -0.19104   -0.16341
  896  116.63840  238.24443   -0.00450   -0.19082   -0.16341
  897  115.95224  238.27674   -0.00447   -0.19060   -0.16341
  898  115.26686  238.30885   -0.00445   -0.19038   -0.16341
  899  114.58226  238.34077   -0.00442   -0.19017   -0.16341
  900  113.89843  238.37251   -0.00439   -0.18995   -0.16341
  901  113.21537  238.40405   -0.00437   -0.18974   -0.16341
  902  112.53308  238.43540   -0.00434   -0.18953   -0.16341
  903  111.85154  238.46657   -0.00432   -0.18932   -0.16341
  904  111.17077  238.49754   -0.00429   -0.18910   -0.16341
  905  110.49074  238.52833   -0.00426   -0.18890   -0.16341
  906  109.81146  238.55893   -0.00424   -0.18869   -0.16341
  907  109.13293  238.58934   -0.00421   -0.18848   -0.16341
  908  108.45514  238.61956   -0.00418   -0.18828   -0.16341
  909  107.77809  238.64959   -0.00416   -0.18807   -0.16341
  910  107.10176  238.67943   -0.00413   -0.18787   -0.16341
  911  106.42617  238.70909   -0.00411   -0.18766   -0.16341
  912  105.75131  238.73856   -0.00408   -0.18746   -0.16341
  913  105.07716  238.76784   -0.00405   -0.18726   -0.16341
  914  104.40373  238.79694   -0.00403   -0.18706   -0.16341
  915  103.73102  238.82584   -0.00400   -0.18687   -0.16341
  916  103.05901  238.85456   -0.00398   -0.18667   -0.16341
  917  102.38771  238.88310   -0.00395   -0.18647   -0.16341
  918  101.71712  238.91145   -0.00392   -0.18628   -0.16341
  919  101.04722  238.93961   -0.00390   -0.18608   -0.16341
  920  100.37802  238.96758   -0.00387   -0.18589   -0.16341
  921   99.70951  238.99537   -0.00385   -0.18570   -0.16341
  922   99.04168  239.02298   -0.00382   -0.18551   -0.16341
  923   98.37454  239.05040   -0.00380   -0.18532   -0.16341
  924   97.70808  239.07763   -0.00377   -0.18513   -0.16341
  925   97.04230  239.10468   -0.00374   -0.18494   -0.16341
  926   96.37718  239.13154   -0.00372   -0.18475   -0.16341
  927   95.71274  239.15822   -0.00369   -0.18457   -0.16341
  928   95.04896  239.18472   -0.00367   -0.18438   -0.16341
  929   94.38585  239.21103   -0.00364   -0.18420   -0.16341
  930   93.72339  239.23715   -0.00362   -0.18402   -0.16341
  931   93.06158  239.26310   -0.00359   -0.18383   -0.16341
  932   92.40043  239.28886   -0.00357   -0.18365   -0.16341
  933   91.73992  239.31443   -0.00354   -0.18347   -0.16341
  934   91.08006  239.33982   -0.00351   -0.18330   -0.16341
  935   90.42083  239.36503   -0.00349   -0.18312   -0.16341
  936   89.76225  239.39006   -0.00346   -0.18294   -0.16341
  937   89.10429  239.41490   -0.00344   -0.18277   -0.16341
  938   88.44697  239.43956   -0.00341   -0.18259   -0.16341
  939   87.79027  239.46404   -0.00339   -0.18242   -0.16341
  940   87.13419  239.48833   -0.00336   -0.18224   -0.16341
  941   86.47873  239.51244   -0.00334   -0.18207   -0.16341
  942   85.82389  239.53637   -0.00331   -0.18190   -0.16341
  943   85.16966  239.56012   -0.00329   -0.18173   -0.16341
  944   84.51604  239.58369   -0.00326   -0.18156   -0.16341
  945   83.86302  239.60708   -0.00324   -0.18139   -0.16341
  946   83.21060  239.63028   -0.00321   -0.18123   -0.16341
  947   82.55879  239.65331   -0.00319   -0.18106   -0.16341
  948   81.90756  239.67615   -0.00316   -0.18090   -0.16341
  949   81.25693  239.69881   -0.00314   -0.18073   -0.16341
  950   80.60688  239.72129   -0.00311   -0.18057   -0.16341
  951   79.95742  239.74359   -0.00308   -0.18041   -0.16341
  952   79.30854  239.76571   -0.00306   -0.18024   -0.16341
  953   78.66024  239.78765   -0.00303   -0.18008   -0.16341
  954   78.01252  239.80941   -0.00301   -0.17992   -0.16341
  955   77.36536  239.83099   -0.00298   -0.17977   -0.16341
  956   76.71877  239.85239   -0.00296   -0.17961   -0.16341
  957   76.07275  239.87361   -0.00294   -0.17945   -0.16341
  958   75.42728  239.89466   -0.00291   -0.17930   -0.16341
  959   74.78238  239.91552   -0.00289   -0.17914   -0.16341
  960   74.13803  239.93620   -0.00286   -0.17899   -0.16341
  961   73.49422  239.95671   -0.00284   -0.17883   -0.16341
  962   72.85097  239.97703   -0.00281   -0.17868   -0.16341
  963   72.20826  239.99718   -0.00279   -0.17853   -0.16341
  964   71.56610  240.01715   -0.00276   -0.17838   -0.16341
  965   70.92447  240.03694   -0.00274   -0.17823   -0.16341
  966   70.28338  240.05655   -0.00271   -0.17808   -0.16341
  967   69.64281  240.07598   -0.00269   -0.17793   -0.16341
  968   69.00278  240.09524   -0.00266   -0.17779   -0.16341
  969   68.36327  240.11432   -0.00264   -0.17764   -0.16341
  970   67.72429  240.13322   -0.00261   -0.17750   -0.16341
  971   67.08582  240.15194   -0.00259   -0.17735   -0.16341
  972   66.44787  240.17049   -0.00256   -0.17721   -0.16341
  973   65.81043  240.18886   -0.00254   -0.17707   -0.16341
  974   65.17350  240.20705   -0.00251   -0.17692   -0.16341
  975   64.53707  240.22507   -0.00249   -0.17678   -0.16341
  976   63.90115  240.24291   -0.00247   -0.17664   -0.16341
  977   63.26573  240.26057   -0.00244   -0.17651   -0.16341
  978   62.63081  240.27805   -0.00242   -0.17637   -0.16341
  979   61.99638  240.29536   -0.00239   -0.17623   -0.16341
  980   61.36244  240.31250   -0.00237   -0.17609   -0.16341
  981   60.72899  240.32945   -0.00234   -0.17596   -0.16341
  982   60.09602  240.34623   -0.00232   -0.17582   -0.16341
  983   59.46353  240.36284   -0.00229   -0.17569   -0.16341
  984   58.83153  240.37927   -0.00227   -0.17556   -0.16341
  985   58.19999  240.39552   -0.00225   -0.17543   -0.16341
  986   57.56893  240.41160   -0.00222   -0.17529   -0.16341
  987   56.93834  240.42751   -0.00220   -0.17516   -0.16341
  988   56.30822  240.44324   -0.00217   -0.17503   -0.16341
  989   55.67855  240.45879   -0.00215   -0.17491   -0.16341
  990   55.04935  240.47417   -0.00212   -0.17478   -0.16341
  991   54.42061  240.48937   -0.00210   -0.17465   -0.16341
  992   53.79231  240.50440   -0.00208   -0.17453   -0.16341
  993   53.16447  240.51926   -0.00205   -0.17440   -0.16341
  994   52.53708  240.53394   -0.00203   -0.17428   -0.16341
  995   51.91013  240.54844   -0.00200   -0.17415   -0.16341
  996   51.28363  240.56278   -0.00198   -0.17403   -0.16341
  997   50.65756  240.57693   -0.00195   -0.17391   -0.16341
  998   50.03193  240.59092   -0.00193   -0.17379   -0.16341
  999   49.40674  240.60473   -0.00191   -0.17367   -0.16341
 1000   48.78197  240.61837   -0.00188   -0.17355   -0.16341
 1001   48.15763  240.63183   -0.00186   -0.17343   -0.16341
 1002   47.53372  240.64512   -0.00183   -0.17331   -0.16341
 1003   46.91022  240.65824   -0.00181   -0.17319   -0.16341
 1004   46.28715  240.67118   -0.00179   -0.17308   -0.16341
 1005   45.66449  240.68395   -0.00176   -0.17296   -0.16341
 1006   45.04224  240.69655   -0.00174   -0.17285   -0.16341
 1007   44.42041  240.70898   -0.00171   -0.17273   -0.16341
 1008   43.79898  240.72123   -0.00169   -0.17262   -0.16341
 1009   43.17795  240.73331   -0.00167   -0.17251   -0.16341
 1010   42.55733  240.74522   -0.00164   -0.17240   -0.16341
 1011   41.93710  240.75695   -0.00162   -0.17228   -0.16341
 1012   41.31727  240.76852   -0.00159   -0.17217   -0.16341
 1013   40.69784  240.77991   -0.00157   -0.17207   -0.16341
 1014   40.07879  240.79113   -0.00155   -0.17196   -0.16341
 1015   39.46013  240.80217   -0.00152   -0.17185   -0.16341
 1016   38.84185  240.81305   -0.00150   -0.17174   -0.16341
 1017   38.22396  240.82375   -0.00147   -0.17164   -0.16341
 1018   37.60644  240.83428   -0.00145   -0.17153   -0.16341
 1019   36.98930  240.84465   -0.00143   -0.17143   -0.16341
 1020   36.37254  240.85483   -0.00140   -0.17132   -0.16341
 1021   35.75614  240.86485   -0.00138   -0.17122   -0.16341
 1022   35.14011  240.87470   -0.00136   -0.17112   -0.16341
 1023   34.52444  240.88437   -0.00133   -0.17102   -0.16341
 1024   33.90914  240.89388   -0.00131   -0.17092   -0.16341
 1025   33.29420  240.90321   -0.00128   -0.17082   -0.16341
 1026   32.67961  240.91238   -0.00126   -0.17072   -0.16341
 1027   32.06537  240.92137   -0.00124   -0.17062   -0.16341
 1028   31.45149  240.93019   -0.00121   -0.17052   -0.16341
 1029   30.83795  240.93884   -0.00119   -0.17043   -0.16341
 1030   30.22476  240.94732   -0.00117   -0.17033   -0.16341
 1031   29.61192  240.95563   -0.00114   -0.17024   -0.16341
 1032   28.99941  240.96377   -0.00112   -0.17014   -0.16341
 1033   28.38724  240.97174   -0.00110   -0.17005   -0.16341
 1034   27.77540  240.97954   -0.00107   -0.16995   -0.16341
 1035   27.16389  240.98717   -0.00105   -0.16986   -0.16341
 1036   26.55272  240.99464   -0.00102   -0.16977   -0.16341
 1037   25.94187  241.00193   -0.00100   -0.16968   -0.16341
 1038   25.33134  241.00905   -0.00098   -0.16959   -0.16341
 1039   24.72114  241.01600   -0.00095   -0.16950   -0.16341
 1040   24.11125  241.02278   -0.00093   -0.16941   -0.16341
 1041   23.50168  241.02939   -0.00091   -0.16933   -0.16341
 1042   22.89242  241.03584   -0.00088   -0.16924   -0.16341
 1043   22.28347  241.04211   -0.00086   -0.16915   -0.16341
 1044   21.67483  241.04822   -0.00084   -0.16907   -0.16341
 1045   21.06649  241.05415   -0.00081   -0.16898   -0.16341
 1046   20.45846  241.05992   -0.00079   -0.16890   -0.16341
 1047   19.85073  241.06552   -0.00077   -0.16882   -0.16341
 1048   19.24329  241.07095   -0.00074   -0.16873   -0.16341
 1049   18.63615  241.07621   -0.00072   -0.16865   -0.16341
 1050   18.02929  241.08130   -0.00070   -0.16857   -0.16341
 1051   17.42273  241.08623   -0.00067   -0.16849   -0.16341
 1052   16.81646  241.09098   -0.00065   -0.16841   -0.16341
 1053   16.21046  241.09557   -0.00063   -0.16833   -0.16341
 1054   15.60475  241.09999   -0.00060   -0.16825   -0.16341
 1055   14.99932  241.10424   -0.00058   -0.16818   -0.16341
 1056   14.39416  241.10832   -0.00056   -0.16810   -0.16341
 1057   13.78928  241.11224   -0.00053   -0.16802   -0.16341
 1058   13.18467  241.11598   -0.00051   -0.16795   -0.16341
 1059   12.58032  241.11956   -0.00049   -0.16787   -0.16341
 1060   11.97624  241.12297   -0.00046   -0.16780   -0.16341
 1061   11.37243  241.12621   -0.00044   -0.16773   -0.16341
 1062   10.76887  241.12929   -0.00042   -0.16765   -0.16341
 1063   10.16557  241.13220   -0.00039   -0.16758   -0.16341
 1064    9.56253  241.13494   -0.00037   -0.16751   -0.16341
 1065    8.95974  241.13751   -0.00035   -0.16744   -0.16341
 1066    8.35720  241.13991   -0.00032   -0.16737   -0.16341
 1067    7.75491  241.14215   -0.00030   -0.16730   -0.16341
 1068    7.15286  241.14422   -0.00028   -0.16724   -0.16341
 1069    6.55106  241.14613   -0.00025   -0.16717   -0.16341
 1070    5.94950  241.14786   -0.00023   -0.16710   -0.16341
 1071    5.34817  241.14943   -0.00021   -0.16704   -0.16341
 1072    4.74708  241.15083   -0.00018   -0.16697   -0.16341
 1073    4.14622  241.15207   -0.00016   -0.16691   -0.16341
 1074    3.54559  241.15314   -0.00014   -0.16684   -0.16341
 1075    2.94518  241.15404   -0.00011   -0.16678   -0.16341
 1076    2.34501  241.15477   -0.00009   -0.16672   -0.16341
 1077    1.74505  241.15534   -0.00007   -0.16665   -0.16341
 1078    1.14531  241.15574   -0.00004   -0.16659   -0.16341
 1079    0.54580  241.15598   -0.00002   -0.16653   -0.16341
 1080   -0.05351  241.15605    0.00000   -0.16647   -0.16341
 1081    0.00000  241.15605    0.00000    0.00000    0.00000
 1082    0.00000  241.15605    0.00000    0.00000    0.00000
 1083    0.00000  241.15605    0.00000    0.00000    0.00000
 1084    0.00000  241.15605    0.00000    0.00000    0.00000
 1085    0.00000  241.15605    0.00000    0.00000    0.00000
 1086    0.00000  241.15605    0.00000    0.00000    0.00000
 1087    0.00000  241.15605    0.00000    0.00000    0.00000
 1088    0.00000  241.15605    0.00000    0.00000    0.00000
 1089    0.00000  241.15605    0.00000    0.00000    0.00000
 1090    0.00000  241.15605    0.00000    0.00000    0.00000
 1091    0.00000  241.15605    0.00000    0.00000    0.00000
 1092    0.00000  241.15605    0.00000    0.00000    0.00000
 1093    0.00000  241.15605    0.00000    0.00000    0.00000
 1094    0.00000  241.15605    0.00000    0.00000    0.00000
 1095    0.00000  241.15605    0.00000    0.00000    0.00000
 1096    0.00000  241.15605    0.00000    0.00000    0.00000
 1097    0.00000  241.15605    0.00000    0.00000    0.00000
 1098    0.00000  241.15605    0.00000    0.00000    0.00000
 1099    0.00000  241.15605    0.00000    0.00000    0.00000
 1100    0.00000  241.15605    0.00000    0.00000    0.00000
 1101    0.00000  241.15605    0.00000    0.00000    0.00000
 1102    0.00000  241.15605    0.00000    0.00000    0.00000
 1103    0.00000  241.15605    0.00000    0.00000    0.00000
 1104    0.00000  241.15605    0.00000    0.00000    0.00000
 1105    0.00000  241.15605    0.00000    0.00000    0.00000
 1106    0.00000  241.15605    0.00000    0.00000    0.00000
 1107    0.00000  241.15605    0.00000    0.00000    0.00000
 1108    0.00000  241.15605    0.00000    0.00000    0.00000
 1109    0.00000  241.15605    0.00000    0.00000    0.00000
 1110    0.00000  241.15605    0.00000    0.00000    0.00000
 1111    0.00000  241.15605    0.00000    0.00000    0.00000
 1112    0.00000  241.15605    0.00000    0.00000    0.00000
 1113    0.00000  241.15605    0.00000    0.00000    0.00000
 1114    0.00000  241.15605    0.00000    0.00000    0.00000
 1115    0.00000  241.15605    0.00000    0.00000    0.00000
 1116    0.00000  241.15605    0.00000    0.00000    0.00000
 1117    0.00000  241.15605    0.00000    0.00000    0.00000
 1118    0.00000  241.15605    0.00000    0.00000    0.00000
 1119    0.00000  241.15605    0.00000    0.00000    0.00000
 1120    0.00000  241.15605    0.00000    0.00000    0.00000
 1121    0.00000  241.15605    0.00000    0.00000    0.00000
 1122    0.00000  241.15605    0.00000    0.00000    0.00000
 1123    0.00000  241.15605    0.00000    0.00000    0.00000
 1124    0.00000  241.15605    0.00000    0.00000    0.00000
 1125    0.00000  241.15605    0.00000    0.00000    0.00000
 1126    0.00000  241.15605    0.00000    0.00000    0.00000
 1127    0.00000  241.15605    0.00000    0.00000    0.00000
 1128    0.00000  241.15605    0.00000    0.00000    0.00000
 1129    0.00000  241.15605    0.00000    0.00000    0.00000
 1130    0.00000  241.15605    0.00000    0.00000    0.00000
 1131    0.00000  241.15605    0.00000    0.00000    0.00000
 1132    0.00000  241.15605    0.00000    0.00000    0.00000
 1133    0.00000  241.15605    0.00000    0.00000    0.00000
 1134    0.00000  241.15605    0.00000    0.00000    0.00000
 1135    0.00000  241.15605    0.00000    0.00000    0.00000
 1136    0.00000  241.15605    0.00000    0.00000    0.00000
 1137    0.00000  241.15605    0.00000    0.00000    0.00000
 1138    0.00000  241.15605    0.00000    0.00000    0.00000
 1139    0.00000  241.15605    0.00000    0.00000    0.00000
 1140    0.00000  241.15605    0.00000    0.00000    0.00000
 1141    0.00000  241.15605    0.00000    0.00000    0.00000
 1142    0.00000  241.15605    0.00000    0.00000    0.00000
 1143    0.00000  241.15605    0.00000    0.00000    0.00000
 1144    0.00000  241.15605    0.00000    0.00000    0.00000
 1145    0.00000  241.15605    0.00000    0.00000    0.00000
 1146    0.00000  241.15605    0.00000    0.00000    0.00000
 1147    0.00000  241.15605    0.00000    0.00000    0.00000
 1148    0.00000  241.15605    0.00000    0.00000    0.00000
 1149    0.00000  241.15605    0.00000    0.00000    0.00000
 1150    0.00000  241.15605    0.00000    0.00000    0.00000
 1151    0.00000  241.15605    0.00000    0.00000    0.00000
 1152    0.00000  241.15605    0.00000    0.00000    0.00000
 1153    0.00000  241.15605    0.00000    0.00000    0.00000
 1154    0.00000  241.15605    0.00000    0.00000    0.00000
 1155    0.00000  241.15605    0.00000    0.00000    0.00000
 1156    0.00000  241.15605    0.00000    0.00000    0.00000
 1157    0.00000  241.15605    0.00000    0.00000    0.00000
 1158    0.00000  241.15605    0.00000    0.00000    0.00000
 1159    0.00000  241.15605    0.00000    0.00000    0.00000
 1160    0.00000  241.15605    0.00000    0.00000    0.00000
 1161    0.00000  241.15605    0.00000    0.00000    0.00000
 1162    0.00000  241.15605    0.00000    0.00000    0.00000
 1163    0.00000  241.15605    0.00000    0.00000    0.00000
 1164    0.00000  241.15605    0.00000    0.00000    0.00000
 1165    0.00000  241.15605    0.00000    0.00000    0.00000
 1166    0.00000  241.15605    0.00000    0.00000    0.00000
 1167    0.00000  241.15605    0.00000    0.00000    0.00000
 1168    0.00000  241.15605    0.00000    0.00000    0.00000
 1169    0.00000  241.15605    0.00000    0.00000    0.00000
 1170    0.00000  241.15605    0.00000    0.00000    0.00000
 1171    0.00000  241.15605    0.00000    0.00000    0.00000
 1172    0.00000  241.15605    0.00000    0.00000    0.00000
 1173    0.00000  241.15605    0.00000    0.00000    0.00000
 1174    0.00000  241.15605    0.00000    0.00000    0.00000
 1175    0.00000  241.15605    0.00000    0.00000    0.00000
 1176    0.00000  241.15605    0.00000    0.00000    0.00000
 1177    0.00000  241.15605    0.00000    0.00000    0.00000
 1178    0.00000  241.15605    0.00000    0.00000    0.00000
 1179    0.00000  241.15605    0.00000    0.00000    0.00000
 1180    0.00000  241.15605    0.00000    0.00000    0.00000
 1181    0.00000  241.15605    0.00000    0.00000    0.00000
 1182    0.00000  241.15605    0.00000    0.00000    0.00000
 1183    0.00000  241.15605    0.00000    0.00000    0.00000
 1184    0.00000  241.15605    0.00000    0.00000    0.00000
 1185    0.00000  241.15605    0.00000    0.00000    0.00000
 1186    0.00000  241.15605    0.00000    0.00000    0.00000
 1187    0.00000  241.15605    0.00000    0.00000    0.00000
 1188    0.00000  241.15605    0.00000    0.00000    0.00000
 1189    0.00000  241.15605    0.00000    0.00000    0.00000
 1190    0.00000  241.15605    0.00000    0.00000    0.00000
 1191    0.00000  241.15605    0.00000    0.00000    0.00000
 1192    0.00000  241.15605    0.00000    0.00000    0.00000
 1193    0.00000  241.15605    0.00000    0.00000    0.00000
 1194    0.00000  241.15605    0.00000    0.00000    0.00000
 1195    0.00000  241.15605    0.00000    0.00000    0.00000
 1196    0.00000  241.15605    0.00000    0.00000    0.00000
 1197    0.00000  241.15605    0.00000    0.00000    0.00000
 1198    0.00000  241.15605    0.00000    0.00000    0.00000
 1199    0.00000  241.15605    0.00000    0.00000    0.00000
 1200    0.00000  241.15605    0.00000    0.00000    0.00000
