    0    0.00000  108.69000    0.00000    0.00000    0.00000
    1    1.84146  108.69026    0.25576    0.51152  425.00000
    2    3.68227  108.69102    0.51143    0.51133  425.00000
    3    5.52239  108.69230    0.76700    0.51114  425.00000
    4    7.36180  108.69409    1.02247    0.51095  425.00000
    5    9.20049  108.69639    1.27785    0.51075  425.00000
    6   11.03843  108.69920    1.53311    0.51054  425.00000
    7   12.87559  108.70252    1.78828    0.51032  425.00000
    8   14.71196  108.70636    2.04333    0.51010  425.00000
    9   16.54750  108.71070    2.29826    0.50987  425.00000
   10   18.38221  108.71555    2.55308    0.50964  425.00000
   11   20.21606  108.72091    2.80779    0.50940  425.00000
   12   22.04901  108.72678    3.06236    0.50916  425.00000
   13   23.88107  108.73316    3.31681    0.50890  425.00000
   14   25.71219  108.74005    3.57114    0.50864  425.00000
   15   27.54236  108.74744    3.82533    0.50838  425.00000
   16   29.37155  108.75535    4.07938    0.50811  425.00000
   17   31.19975  108.76376    4.33330    0.50783  425.00000
   18   33.02693  108.77268    4.58707    0.50755  425.00000
   19   34.85308  108.78211    4.84070    0.50726  425.00000
   20   36.67815  108.79204    5.09419    0.50697  425.00000
   21   38.50215  108.80248    5.34752    0.50667  425.00000
   22   40.32504  108.81343    5.60070    0.50636  425.00000
   23   42.14680  108.82489    5.85372    0.50604  425.00000
   24   43.96741  108.83685    6.10658    0.50573  425.00000
   25   45.78685  108.84931    6.35928    0.50540  425.00000
   26   47.60510  108.86228    6.61182    0.50507  425.00000
   27   49.42213  108.87576    6.86418    0.50473  425.00000
   28   51.23793  108.88974    7.11638    0.50439  425.00000
   29   53.05247  108.90423    7.36840    0.50404  425.00000
   30   54.86573  108.91921    7.62024    0.50368  425.00000
   31   56.67770  108.93471    7.87190    0.50332  425.00000
   32   58.48834  108.95070    8.12338    0.50296  425.00000
   33   60.29764  108.96720    8.37467    0.50258  425.00000
   34   62.10557  108.98420    8.62577    0.50220  425.00000
   35   63.91212  109.00170    8.87668    0.50182  425.00000
   36   65.71727  109.01971    9.12740    0.50143  425.00000
   37   67.52099  109.03821    9.37791    0.50103  425.00000
   38   69.32326  109.05722    9.62823    0.50063  425.00000
   39   71.12406  109.07673    9.87834    0.50022  425.00000
   40   72.92338  109.09673   10.12825    0.49981  425.00000
   41   74.72118  109.11724   10.37794    0.49939  425.00000
   42   76.51746  109.13824   10.62743    0.49897  425.00000
   43   78.31219  109.15975   10.87669    0.49853  425.00000
   44   80.10534  109.18175   11.12574    0.49810  425.00000
   45   81.89690  109.20425   11.37457    0.49766  425.00000
   46   83.68686  109.22725   11.62317    0.49721  425.00000
   47   85.47518  109.25074   11.87155    0.49676  425.00000
   48   87.26184  109.27473   12.11970    0.49630  425.00000
   49   89.04684  109.29922   12.36762    0.49583  425.00000
   50   90.83015  109.32420   12.61530    0.49536  425.00000
   51   92.61174  109.34968   12.86274    0.49489  425.00000
   52   94.39160  109.37565   13.10994    0.49441  425.00000
   53   96.16971  109.40212   13.35690    0.49392  425.00000
   54   97.94605  109.42908   13.60362    0.49343  425.00000
   55   99.72060  109.45654   13.85008    0.49293  425.00000
   56  101.49334  109.48448   14.09630    0.49243  425.00000
   57  103.26425  109.51292   14.34226    0.49192  425.00000
   58  105.03331  109.54185   14.58796    0.49141  425.00000
   59  106.80050  109.57127   14.83340    0.49089  425.00000
   60  108.56581  109.60118   15.07858    0.49036  425.00000
   61  110.32921  109.63159   15.32350    0.48983  425.00000
   62  112.09069  109.66248   15.56815    0.48930  425.00000
   63  113.85022  109.69386   15.81253    0.48876  425.00000
   64  115.60779  109.72573   16.05664    0.48821  425.00000
   65  117.36337  109.75809   16.30047    0.48766  425.00000
   66  119.11696  109.79093   16.54402    0.48711  425.00000
   67  120.86853  109.82426   16.78730    0.48655  425.00000
   68  122.61807  109.85808   17.03029    0.48598  425.00000
   69  124.36554  109.89238   17.27299    0.48541  425.00000
   70  126.11095  109.92717   17.51541    0.48483  425.00000
   71  127.85426  109.96244   17.75754    0.48425  425.00000
   72  129.59546  109.99820   17.99937    0.48367  425.00000
   73  131.33454  110.03444   18.24091    0.48308  425.00000
   74  133.07147  110.07116   18.48215    0.48248  425.00000
   75  134.80624  110.10837   18.72309    0.48188  425.00000
   76  136.53883  110.14606   18.96373    0.48127  425.00000
   77  138.26922  110.18422   19.20406    0.48066  425.00000
   78  139.99739  110.22287   19.44408    0.48005  425.00000
   79  141.72333  110.26200   19.68380    0.47943  425.00000
   80  143.44702  110.30161   19.92320    0.47880  425.00000
   81  145.16845  110.34169   20.16228    0.47817  425.00000
   82  146.88758  110.38226   20.40105    0.47754  425.00000
   83  148.60442  110.42330   20.63950    0.47690  425.00000
   84  150.31894  110.46481   20.87763    0.47626  425.00000
   85  152.02720  110.50681   21.07009    0.47452  424.09825
   86  153.71233  110.54927   21.06426    0.46809  419.33287
   87  155.37510  110.59220   21.05870    0.46188  414.73575
   88  157.01621  110.63559   21.05338    0.45586  410.29739
   89  158.63631  110.67943   21.04829    0.45003  406.00904
   90  160.23605  110.72371   21.04342    0.44437  401.86260
   91  161.81601  110.76844   21.03875    0.43888  397.85056
   92  163.37677  110.81361   21.03428    0.43354  393.96596
   93  164.91886  110.85921   21.02998    0.42836  390.20236
   94  166.44279  110.90523   21.02584    0.42332  386.55374
   95  167.94906  110.95167   21.02187    0.41841  383.01449
   96  169.43812  110.99853   21.01805    0.41363  379.57938
   97  170.91043  111.04580   21.01436    0.40897  376.24355
   98  172.36639  111.09348   21.01081    0.40444  373.00241
   99  173.80643  111.14156   21.00739    0.40001  369.85168
  100  175.23092  111.19004   21.00408    0.39569  366.78736
  101  176.95807  111.23895   21.03868    0.47977  363.80567
  102  178.66709  111.28834   21.03454    0.47473  360.25483
  103  180.35843  111.33821   21.03055    0.46982  356.80886
  104  182.03255  111.38854   21.02671    0.46503  353.46282
  105  183.68985  111.43933   21.02301    0.46036  350.21210
  106  185.33076  111.49059   21.01944    0.45581  347.05238
  107  186.95565  111.54229   21.01599    0.45136  343.97960
  108  188.56489  111.59445   21.01266    0.44701  340.98996
  109  190.15885  111.64705   21.00944    0.44276  338.07990
  110  191.73785  111.70009   21.00632    0.43861  335.24604
  111  193.30223  111.75357   21.00331    0.43455  332.48521
  112  194.85229  111.80748   21.00039    0.43057  329.79444
  113  196.38834  111.86182   20.99757    0.42668  327.17090
  114  197.91067  111.91658   20.99483    0.42287  324.61193
  115  199.41956  111.97177   20.99217    0.41913  322.11502
  116  200.91526  112.02737   20.98959    0.41547  319.67777
  117  202.39804  112.08338   20.98709    0.41188  317.29795
  118  203.86815  112.13981   20.98466    0.40836  314.97340
  119  205.32583  112.19664   20.98229    0.40491  312.70210
  120  206.77130  112.25388   20.98000    0.40152  310.48213
  121  208.20479  112.31151   20.97777    0.39819  308.31164
  122  209.62652  112.36955   20.97559    0.39492  306.18892
  123  211.03669  112.42797   20.97348    0.39171  304.11229
  124  212.43550  112.48679   20.97142    0.38856  302.08018
  125  213.82315  112.54599   20.96942    0.38546  300.09109
  126  215.19982  112.60558   20.96747    0.38241  298.14359
  127  216.56571  112.66554   20.96556    0.37941  296.23630
  128  217.60313  112.72585   20.93313    0.28817  294.36794
  129  218.63255  112.78643   20.93189    0.28595  292.96454
  130  219.65408  112.84731   20.93067    0.28376  291.58513
  131  220.66782  112.90846   20.92948    0.28160  290.22908
  132  221.67389  112.96990   20.92832    0.27946  288.89577
  133  222.67239  113.03161   20.92717    0.27736  287.58461
  134  223.66342  113.09360   20.92605    0.27529  286.29503
  135  224.64708  113.15587   20.92496    0.27324  285.02649
  136  225.62346  113.21841   20.92388    0.27122  283.77845
  137  226.59266  113.28122   20.92283    0.26922  282.55041
  138  227.55477  113.34429   20.92179    0.26725  281.34186
  139  228.50989  113.40763   20.92078    0.26531  280.15233
  140  229.45809  113.47124   20.91978    0.26339  278.98137
  141  230.39946  113.53511   20.91880    0.26149  277.82852
  142  231.33410  113.59924   20.91785    0.25962  276.69335
  143  232.26208  113.66363   20.91690    0.25777  275.57546
  144  233.18347  113.72827   20.91598    0.25594  274.47443
  145  234.09837  113.79317   20.91507    0.25414  273.38987
  146  235.00685  113.85833   20.91418    0.25235  272.32141
  147  235.90898  113.92373   20.91331    0.25059  271.26869
  148  236.80483  113.98939   20.91245    0.24885  270.23134
  149  237.69449  114.05529   20.91160    0.24713  269.20903
  150  238.57801  114.12144   20.91077    0.24542  268.20143
  151  239.45547  114.18783   20.90996    0.24374  267.20820
  152  240.32694  114.25447   20.90915    0.24207  266.22904
  153  241.54564  114.32139   20.93898    0.33853  265.26365
  154  242.75610  114.38866   20.93774    0.33624  263.92528
  155  243.95841  114.45626   20.93652    0.33398  262.60926
  156  245.15269  114.52419   20.93532    0.33174  261.31503
  157  246.33902  114.59245   20.93415    0.32954  260.04202
  158  247.51750  114.66104   20.93300    0.32736  258.78970
  159  248.68824  114.72996   20.93187    0.32520  257.55754
  160  249.85132  114.79920   20.93077    0.32308  256.34505
  161  251.00683  114.86877   20.92968    0.32097  255.15174
  162  252.15486  114.93865   20.92862    0.31890  253.97716
  163  253.29549  115.00885   20.92757    0.31684  252.82083
  164  254.42881  115.07937   20.92655    0.31481  251.68233
  165  255.55491  115.15020   20.92554    0.31280  250.56125
  166  256.67385  115.22134   20.92455    0.31082  249.45716
  167  257.78573  115.29280   20.92358    0.30885  248.36967
  168  258.89061  115.36456   20.92263    0.30691  247.29841
  169  259.98858  115.43662   20.92169    0.30499  246.24300
  170  261.07970  115.50899   20.92077    0.30309  245.20308
  171  262.16405  115.58167   20.91986    0.30121  244.17831
  172  263.24171  115.65464   20.91897    0.29935  243.16835
  173  264.31273  115.72791   20.91810    0.29751  242.17287
  174  265.37719  115.80148   20.91723    0.29568  241.19156
  175  266.43515  115.87534   20.91639    0.29388  240.22411
  176  267.13353  115.94945   20.88794    0.19399  239.27023
  177  267.82767  116.02375   20.88747    0.19282  238.64470
  178  268.51762  116.09824   20.88700    0.19165  238.02619
  179  269.20341  116.17292   20.88654    0.19050  237.41458
  180  269.88508  116.24780   20.88609    0.18935  236.80978
  181  270.56266  116.32286   20.88564    0.18822  236.21165
  182  271.23619  116.39811   20.88519    0.18709  235.62009
  183  271.90570  116.47355   20.88476    0.18597  235.03501
  184  272.57122  116.54917   20.88433    0.18487  234.45629
  185  273.23279  116.62497   20.88390    0.18377  233.88383
  186  273.89043  116.70096   20.88348    0.18268  233.31753
  187  274.54419  116.77714   20.88306    0.18160  232.75731
  188  275.19409  116.85349   20.88265    0.18053  232.20305
  189  275.84017  116.93002   20.88224    0.17947  231.65468
  190  276.48245  117.00673   20.88184    0.17841  231.11210
  191  277.12097  117.08362   20.88145    0.17737  230.57521
  192  277.75575  117.16069   20.88105    0.17633  230.04394
  193  278.38683  117.23793   20.88067    0.17530  229.51820
  194  279.01424  117.31535   20.88029    0.17428  228.99790
  195  279.63799  117.39294   20.87991    0.17327  228.48297
  196  280.25813  117.47070   20.87953    0.17226  227.97331
  197  280.87468  117.54864   20.87917    0.17126  227.46887
  198  281.48767  117.62674   20.87880    0.17027  226.96955
  199  282.09713  117.70502   20.87844    0.16929  226.47528
  200  282.70307  117.78346   20.87808    0.16832  225.98600
  201  283.30554  117.86207   20.87773    0.16735  225.50162
  202  283.90455  117.94085   20.87738    0.16639  225.02207
  203  284.50014  118.01980   20.87704    0.16544  224.54730
  204  285.09232  118.09891   20.87670    0.16450  224.07722
  205  285.68113  118.17818   20.87636    0.16356  223.61178
  206  286.26658  118.25762   20.87603    0.16263  223.15090
  207  286.84871  118.33722   20.87570    0.16170  222.69452
  208  287.42754  118.41698   20.87537    0.16079  222.24259
  209  288.00309  118.49690   20.87505    0.15988  221.79503
  210  288.57539  118.57698   20.87473    0.15897  221.35179
  211  289.14446  118.65722   20.87442    0.15807  220.91281
  212  289.71032  118.73762   20.87410    0.15718  220.47803
  213  290.27300  118.81817   20.87380    0.15630  220.04739
  214  290.83253  118.89888   20.87349    0.15542  219.62084
  215  291.38891  118.97974   20.87319    0.15455  219.19832
  216  291.94218  119.06076   20.87289    0.15369  218.77977
  217  292.49236  119.14193   20.87259    0.15283  218.36516
  218  293.03947  119.22326   20.87230    0.15197  217.95441
  219  293.58353  119.30473   20.87201    0.15113  217.54749
  220  294.12456  119.38636   20.87173    0.15029  217.14433
  221  294.66259  119.46813   20.87144    0.14945  216.74490
  222  295.19764  119.55006   20.87116    0.14862  216.34914
  223  295.72972  119.63213   20.87088    0.14780  215.95701
  224  296.25886  119.71435   20.87061    0.14698  215.56846
  225  296.44887  119.79667   20.84669    0.05278  215.18344
  226  296.63783  119.87905   20.84661    0.05249  215.04552
  227  296.82575  119.96147   20.84653    0.05220  214.90853
  228  297.01263  120.04395   20.84645    0.05191  214.77248
  229  297.19848  120.12648   20.84637    0.05163  214.63734
  230  297.38331  120.20906   20.84629    0.05134  214.50312
  231  297.56712  120.29169   20.84621    0.05106  214.36980
  232  297.74992  120.37437   20.84613    0.05078  214.23738
  233  297.93172  120.45711   20.84605    0.05050  214.10585
  234  298.11251  120.53989   20.84598    0.05022  213.97520
  235  298.11251  120.62270   16.81419    0.00000  172.59062
  236  298.11251  120.70551   16.81419    0.00000  172.59062
  237  298.11251  120.78832   16.81419    0.00000  172.59062
  238  298.11251  120.87113    1.42051    0.00000   14.58095
  239  298.11251  120.95394    1.42051    0.00000   14.58095
  240  298.11251  121.03675    1.42051    0.00000   14.58095
  241  298.11251  121.11955    1.42051    0.00000   14.58095
  242  298.11251  121.20236    1.42051    0.00000   14.58095
  243  298.11251  121.28517    1.42051    0.00000   14.58095
  244  298.11251  121.36798    1.42051    0.00000   14.58095
  245  298.11251  121.45079    1.42051    0.00000   14.58095
  246  298.11251  121.53360    1.42051    0.00000   14.58095
  247  298.11251  121.61641    1.42051    0.00000   14.58095
  248  298.11251  121.69922    1.42051    0.00000   14.58095
  249  298.11251  121.78203    1.42051    0.00000   14.58095
  250  298.11251  121.86484    1.42051    0.00000   14.58095
  251  298.11251  121.94764    1.42051    0.00000   14.58095
  252  298.11251  122.03045    1.42051    0.00000   14.58095
  253  298.11251  122.11326    9.29892    0.00000   95.44949
  254  298.11251  122.19607    9.29892    0.00000   95.44949
  255  298.11251  122.27888    9.29892    0.00000   95.44949
  256  298.11251  122.36169    9.29892    0.00000   95.44949
  257  298.11251  122.44450    9.29892    0.00000   95.44949
  258  298.11251  122.52731    9.29892    0.00000   95.44949
  259  298.11251  122.61012    9.29892    0.00000   95.44949
  260  298.11251  122.69293    9.29892    0.00000   95.44949
  261  298.11251  122.77574    9.29892    0.00000   95.44949
  262  298.11251  122.85854    9.29892    0.00000   95.44949
  263  298.11251  122.94135    9.29892    0.00000   95.44949
  264  298.11251  123.02416    9.29892    0.00000   95.44949
  265  298.11251  123.10697    9.29892    0.00000   95.44949
  266  298.11251  123.18978    9.29892    0.00000   95.44949
  267  298.11251  123.27259    9.29892    0.00000   95.44949
  268  298.11251  123.35540    9.29892    0.00000   95.44949
  269  298.11251  123.43821    9.29892    0.00000   95.44949
  270  298.11251  123.52102    9.29892    0.00000   95.44949
  271  298.11251  123.60383    9.29892    0.00000   95.44949
  272  298.11251  123.68663    9.29892    0.00000   95.44949
  273  298.11251  123.76944    9.29892    0.00000   95.44949
  274  298.11251  123.85225    9.29892    0.00000   95.44949
  275  298.11251  123.93506    9.29892    0.00000   95.44949
  276  298.11251  124.01787    9.29892    0.00000   95.44949
  277  298.11251  124.10068    9.29892    0.00000   95.44949
  278  298.11251  124.18349    9.29892    0.00000   95.44949
  279  298.11251  124.26630    9.29892    0.00000   95.44949
  280  298.11251  124.34911    9.29892    0.00000   95.44949
  281  298.11251  124.43192    9.29892    0.00000   95.44949
  282  298.11251  124.51472    9.29892    0.00000   95.44949
  283  298.11251  124.59753    9.29892    0.00000   95.44949
  284  298.11251  124.68034    9.29892    0.00000   95.44949
  285  298.11251  124.76315    9.29892    0.00000   95.44949
  286  298.11251  124.84596    9.29892    0.00000   95.44949
  287  298.11251  124.92877    9.29892    0.00000   95.44949
  288  298.11251  125.01158    9.29892    0.00000   95.44949
  289  298.11251  125.09439    9.29892    0.00000   95.44949
  290  298.11251  125.17720    9.29892    0.00000   95.44949
  291  298.11251  125.26001    9.29892    0.00000   95.44949
  292  298.11251  125.34282    9.29892    0.00000   95.44949
  293  298.11251  125.42562    9.29892    0.00000   95.44949
  294  298.11251  125.50843    9.29892    0.00000   95.44949
  295  298.11251  125.59124    9.29892    0.00000   95.44949
  296  298.11251  125.67405    9.29892    0.00000   95.44949
  297  298.11251  125.75686    9.29892    0.00000   95.44949
  298  298.11251  125.83967    9.29892    0.00000   95.44949
  299  298.11251  125.92248    9.29892    0.00000   95.44949
  300  298.11251  126.00529    9.29892    0.00000   95.44949
  301  298.11251  126.08810    9.29892    0.00000   95.44949
  302  298.11251  126.17091    9.29892    0.00000   95.44949
  303  298.11251  126.25371    9.29892    0.00000   95.44949
  304  298.11251  126.33652    9.29892    0.00000   95.44949
  305  298.11251  126.41933    9.29892    0.00000   95.44949
  306  298.11251  126.50214    9.29892    0.00000   95.44949
  307  298.11251  126.58495    9.29892    0.00000   95.44949
  308  298.11251  126.66776    9.29892    0.00000   95.44949
  309  298.11251  126.75057    9.29892    0.00000   95.44949
  310  298.11251  126.83338    9.29892    0.00000   95.44949
  311  298.11251  126.91619    9.29892    0.00000   95.44949
  312  298.11251  126.99900    9.29892    0.00000   95.44949
  313  298.11251  127.08180    9.29892    0.00000   95.44949
  314  298.11251  127.16461    9.29892    0.00000   95.44949
  315  298.11251  127.24742    9.29892    0.00000   95.44949
  316  298.11251  127.33023    9.29892    0.00000   95.44949
  317  298.11251  127.41304    9.29892    0.00000   95.44949
  318  298.11251  127.49585    9.29892    0.00000   95.44949
  319  298.11251  127.57866    9.29892    0.00000   95.44949
  320  298.11251  127.66147    9.29892    0.00000   95.44949
  321  298.11251  127.74428    9.29892    0.00000   95.44949
  322  298.11251  127.82709    9.29892    0.00000   95.44949
  323  298.11251  127.90990    9.29892    0.00000   95.44949
  324  298.11251  127.99270    9.29892    0.00000   95.44949
  325  298.11251  128.07551    9.29892    0.00000   95.44949
  326  298.11251  128.15832    9.29892    0.00000   95.44949
  327  298.11251  128.24113    9.29892    0.00000   95.44949
  328  298.11251  128.32394    9.29892    0.00000   95.44949
  329  298.11251  128.40675    9.29892    0.00000   95.44949
  330  298.11251  128.48956    9.29892    0.00000   95.44949
  331  298.11251  128.57237    9.29892    0.00000   95.44949
  332  298.11251  128.65518    9.29892    0.00000   95.44949
  333  298.11251  128.73799    9.29892    0.00000   95.44949
  334  298.11251  128.82079    9.29892    0.00000   95.44949
  335  298.11251  128.90360    9.29892    0.00000   95.44949
  336  298.11251  128.98641    9.29892    0.00000   95.44949
  337  298.11251  129.06922    9.29892    0.00000   95.44949
  338  298.11251  129.15203    9.29892    0.00000   95.44949
  339  298.11251  129.23484    9.29892    0.00000   95.44949
  340  298.11251  129.31765    9.29892    0.00000   95.44949
  341  298.11251  129.40046    9.29892    0.00000   95.44949
  342  298.11251  129.48327    9.29892    0.00000   95.44949
  343  298.11251  129.56608    9.29892    0.00000   95.44949
  344  298.11251  129.64888    9.29892    0.00000   95.44949
  345  298.11251  129.73169    9.29892    0.00000   95.44949
  346  298.11251  129.81450    9.29892    0.00000   95.44949
  347  298.11251  129.89731    9.29892    0.00000   95.44949
  348  298.11251  129.98012    9.29892    0.00000   95.44949
  349  298.11251  130.06293    9.29892    0.00000   95.44949
  350  298.11251  130.14574    9.29892    0.00000   95.44949
  351  298.11251  130.22855    9.29892    0.00000   95.44949
  352  298.11251  130.31136    9.29892    0.00000   95.44949
  353  298.11251  130.39417    9.29892    0.00000   95.44949
  354  298.11251  130.47697    9.29892    0.00000   95.44949
  355  298.11251  130.55978    9.29892    0.00000   95.44949
  356  298.11251  130.64259    9.29892    0.00000   95.44949
  357  298.11251  130.72540    9.29892    0.00000   95.44949
  358  298.11251  130.80821    9.29892    0.00000   95.44949
  359  298.11251  130.89102    9.29892    0.00000   95.44949
  360  298.11251  130.97383    9.29892    0.00000   95.44949
  361  298.11251  131.05664    9.29892    0.00000   95.44949
  362  298.11251  131.13945    9.29892    0.00000   95.44949
  363  298.11251  131.22226    9.29892    0.00000   95.44949
  364  298.11251  131.30507    9.29892    0.00000   95.44949
  365  298.11251  131.38787    9.29892    0.00000   95.44949
  366  298.11251  131.47068    9.29892    0.00000   95.44949
  367  298.11251  131.55349    9.29892    0.00000   95.44949
  368  298.11251  131.63630    9.29892    0.00000   95.44949
  369  298.11251  131.71911    9.29892    0.00000   95.44949
  370  298.11251  131.80192    9.29892    0.00000   95.44949
  371  298.11251  131.88473    9.29892    0.00000   95.44949
  372  298.11251  131.96754    9.29892    0.00000   95.44949
  373  298.11251  132.05035    9.29892    0.00000   95.44949
  374  298.11251  132.13316    9.29892    0.00000   95.44949
  375  298.11251  132.21596    9.29892    0.00000   95.44949
  376  298.11251  132.29877    9.29892    0.00000   95.44949
  377  298.11251  132.38158    9.29892    0.00000   95.44949
  378  298.11251  132.46439    9.29892    0.00000   95.44949
  379  298.11251  132.54720    9.29892    0.00000   95.44949
  380  298.11251  132.63001    9.29892    0.00000   95.44949
  381  298.11251  132.71282    9.29892    0.00000   95.44949
  382  298.11251  132.79563    9.29892    0.00000   95.44949
  383  298.11251  132.87844    9.29892    0.00000   95.44949
  384  298.11251  132.96125    9.29892    0.00000   95.44949
  385  298.11251  133.04405    9.29892    0.00000   95.44949
  386  298.11251  133.12686    9.29892    0.00000   95.44949
  387  298.11251  133.20967    9.29892    0.00000   95.44949
  388  298.11251  133.29248    9.29892    0.00000   95.44949
  389  298.11251  133.37529    9.29892    0.00000   95.44949
  390  298.11251  133.45810    9.29892    0.00000   95.44949
  391  298.11251  133.54091    9.29892    0.00000   95.44949
  392  298.11251  133.62372    9.29892    0.00000   95.44949
  393  298.11251  133.70653    9.29892    0.00000   95.44949
  394  298.11251  133.78934    9.29892    0.00000   95.44949
  395  298.11251  133.87215    9.29892    0.00000   95.44949
  396  298.11251  133.95495    9.29892    0.00000   95.44949
  397  298.11251  134.03776    9.29892    0.00000   95.44949
  398  298.11251  134.12057    9.29892    0.00000   95.44949
  399  298.11251  134.20338    9.29892    0.00000   95.44949
  400  298.11251  134.28619    9.29892    0.00000   95.44949
  401  298.11251  134.36900    9.29892    0.00000   95.44949
  402  298.11251  134.45181    9.29892    0.00000   95.44949
  403  298.11251  134.53462    9.29892    0.00000   95.44949
  404  298.11251  134.61743    9.29892    0.00000   95.44949
  405  298.11251  134.70024    9.29892    0.00000   95.44949
  406  298.11251  134.78304    9.29892    0.00000   95.44949
  407  298.11251  134.86585    9.29892    0.00000   95.44949
  408  298.11251  134.94866    9.29892    0.00000   95.44949
  409  298.11251  135.03147    9.29892    0.00000   95.44949
  410  298.11251  135.11428    9.29892    0.00000   95.44949
  411  298.11251  135.19709    9.29892    0.00000   95.44949
  412  298.11251  135.27990    9.29892    0.00000   95.44949
  413  298.11251  135.36271    9.29892    0.00000   95.44949
  414  298.11251  135.44552    9.29892    0.00000   95.44949
  415  298.11251  135.52833    9.29892    0.00000   95.44949
  416  298.11251  135.61113    9.29892    0.00000   95.44949
  417  298.11251  135.69394    9.29892    0.00000   95.44949
  418  298.11251  135.77675    9.29892    0.00000   95.44949
  419  298.11251  135.85956    9.29892    0.00000   95.44949
  420  298.11251  135.94237    9.29892    0.00000   95.44949
  421  298.11251  136.02518    9.29892    0.00000   95.44949
  422  298.11251  136.10799    9.29892    0.00000   95.44949
  423  298.11251  136.19080    9.29892    0.00000   95.44949
  424  298.11251  136.27361    9.29892    0.00000   95.44949
  425  298.11251  136.35642    9.29892    0.00000   95.44949
  426  298.11251  136.43923    9.29892    0.00000   95.44949
  427  298.11251  136.52203    9.29892    0.00000   95.44949
  428  298.11251  136.60484    9.29892    0.00000   95.44949
  429  298.11251  136.68765    9.29892    0.00000   95.44949
  430  298.11251  136.77046    9.29892    0.00000   95.44949
  431  298.11251  136.85327    9.29892    0.00000   95.44949
  432  298.11251  136.93608    9.29892    0.00000   95.44949
  433  298.11251  137.01889    9.29892    0.00000   95.44949
  434  298.11251  137.10170    9.29892    0.00000   95.44949
  435  298.11251  137.18451    9.29892    0.00000   95.44949
  436  298.11251  137.26732    9.29892    0.00000   95.44949
  437  298.11251  137.35012    9.29892    0.00000   95.44949
  438  298.11251  137.43293    9.29892    0.00000   95.44949
  439  298.11251  137.51574    9.29892    0.00000   95.44949
  440  298.11251  137.59855    9.29892    0.00000   95.44949
  441  298.11251  137.68136    9.29892    0.00000   95.44949
  442  298.11251  137.76417    9.29892    0.00000   95.44949
  443  298.11251  137.84698    9.29892    0.00000   95.44949
  444  298.11251  137.92979    9.29892    0.00000   95.44949
  445  298.11251  138.01260    9.29892    0.00000   95.44949
  446  298.11251  138.09541    9.29892    0.00000   95.44949
  447  298.11251  138.17821    9.29892    0.00000   95.44949
  448  298.11251  138.26102    9.29892    0.00000   95.44949
  449  298.11251  138.34383    9.29892    0.00000   95.44949
  450  298.11251  138.42664    9.29892    0.00000   95.44949
  451  298.11251  138.50945    9.29892    0.00000   95.44949
  452  298.11251  138.59226    9.29892    0.00000   95.44949
  453  298.11251  138.67507    9.29892    0.00000   95.44949
  454  298.11251  138.75788    9.29892    0.00000   95.44949
  455  298.11251  138.84069    9.29892    0.00000   95.44949
  456  298.11251  138.92350    9.29892    0.00000   95.44949
  457  298.11251  139.00631    9.29892    0.00000   95.44949
  458  298.11251  139.08911    9.29892    0.00000   95.44949
  459  298.11251  139.17192    9.29892    0.00000   95.44949
  460  298.11251  139.25473    9.29892    0.00000   95.44949
  461  298.11251  139.33754    9.29892    0.00000   95.44949
  462  298.11251  139.42035    9.29892    0.00000   95.44949
  463  298.11251  139.50316    9.29892    0.00000   95.44949
  464  298.11251  139.58597    9.29892    0.00000   95.44949
  465  298.11251  139.66878    9.29892    0.00000   95.44949
  466  298.11251  139.75159    9.29892    0.00000   95.44949
  467  298.11251  139.83440    9.29892    0.00000   95.44949
  468  298.11251  139.91720    9.29892    0.00000   95.44949
  469  298.11251  140.00001    9.29892    0.00000   95.44949
  470  298.11251  140.08282    9.29892    0.00000   95.44949
  471  298.11251  140.16563    9.29892    0.00000   95.44949
  472  298.11251  140.24844    9.29892    0.00000   95.44949
  473  298.11251  140.33125    9.29892    0.00000   95.44949
  474  298.11251  140.41406    9.29892    0.00000   95.44949
  475  298.11251  140.49687    9.29892    0.00000   95.44949
  476  298.11251  140.57968    9.29892    0.00000   95.44949
  477  298.11251  140.66249    9.29892    0.00000   95.44949
  478  298.11251  140.74529    9.29892    0.00000   95.44949
  479  298.11251  140.82810    9.29892    0.00000   95.44949
  480  298.11251  140.91091    9.29892    0.00000   95.44949
  481  298.11251  140.99372    9.29892    0.00000   95.44949
  482  298.11251  141.07653    9.29892    0.00000   95.44949
  483  298.11251  141.15934    9.29892    0.00000   95.44949
  484  298.11251  141.24215    9.29892    0.00000   95.44949
  485  298.11251  141.32496    9.29892    0.00000   95.44949
  486  298.11251  141.40777    9.29892    0.00000   95.44949
  487  298.11251  141.49058    9.29892    0.00000   95.44949
  488  298.11251  141.57339    9.29892    0.00000   95.44949
  489  298.11251  141.65619    9.29892    0.00000   95.44949
  490  298.11251  141.73900    9.29892    0.00000   95.44949
  491  298.11251  141.82181    9.29892    0.00000   95.44949
  492  298.11251  141.90462    9.29892    0.00000   95.44949
  493  298.11251  141.98743    9.29892    0.00000   95.44949
  494  298.11251  142.07024    9.29892    0.00000   95.44949
  495  298.11251  142.15305    9.29892    0.00000   95.44949
  496  298.11251  142.23586    9.29892    0.00000   95.44949
  497  298.11251  142.31867    9.29892    0.00000   95.44949
  498  298.11251  142.40148    9.29892    0.00000   95.44949
  499  298.11251  142.48428    9.29892    0.00000   95.44949
  500  298.11251  142.56709    9.29892    0.00000   95.44949
  501  298.11251  142.64990    9.29892    0.00000   95.44949
  502  298.11251  142.73271    9.29892    0.00000   95.44949
  503  298.11251  142.81552    9.29892    0.00000   95.44949
  504  298.11251  142.89833    9.29892    0.00000   95.44949
  505  298.11251  142.98114    9.29892    0.00000   95.44949
  506  298.11251  143.06395    9.29892    0.00000   95.44949
  507  298.11251  143.14676    9.29892    0.00000   95.44949
  508  298.11251  143.22957    9.29892    0.00000   95.44949
  509  298.11251  143.31237    9.29892    0.00000   95.44949
  510  298.11251  143.39518    9.29892    0.00000   95.44949
  511  298.11251  143.47799    9.29892    0.00000   95.44949
  512  298.11251  143.56080    9.29892    0.00000   95.44949
  513  298.11251  143.64361    9.29892    0.00000   95.44949
  514  298.11251  143.72642    9.29892    0.00000   95.44949
  515  298.11251  143.80923    9.29892    0.00000   95.44949
  516  298.11251  143.89204    9.29892    0.00000   95.44949
  517  298.11251  143.97485    9.29892    0.00000   95.44949
  518  298.11251  144.05766    9.29892    0.00000   95.44949
  519  298.11251  144.14047    9.29892    0.00000   95.44949
  520  298.11251  144.22327    9.29892    0.00000   95.44949
  521  298.11251  144.30608    9.29892    0.00000   95.44949
  522  298.11251  144.38889    9.29892    0.00000   95.44949
  523  298.11251  144.47170    9.29892    0.00000   95.44949
  524  298.11251  144.55451    9.29892    0.00000   95.44949
  525  298.11251  144.63732    9.29892    0.00000   95.44949
  526  298.11251  144.72013    9.29892    0.00000   95.44949
  527  298.11251  144.80294    9.29892    0.00000   95.44949
  528  298.11251  144.88575    9.29892    0.00000   95.44949
  529  298.11251  144.96856    9.29892    0.00000   95.44949
  530  298.11251  145.05136    9.29892    0.00000   95.44949
  531  298.11251  145.13417    9.29892    0.00000   95.44949
  532  298.11251  145.21698    9.29892    0.00000   95.44949
  533  298.11251  145.29979    9.29892    0.00000   95.44949
  534  298.11251  145.38260    9.29892    0.00000   95.44949
  535  298.11251  145.46541    9.29892    0.00000   95.44949
  536  298.11251  145.54822    9.29892    0.00000   95.44949
  537  298.11251  145.63103    9.29892    0.00000   95.44949
  538  298.11251  145.71384    9.29892    0.00000   95.44949
  539  298.11251  145.79665    9.29892    0.00000   95.44949
  540  298.11251  145.87945    9.29892    0.00000   95.44949
  541  298.11251  145.96226    9.29892    0.00000   95.44949
  542  298.11251  146.04507    9.29892    0.00000   95.44949
  543  298.11251  146.12788    9.29892    0.00000   95.44949
  544  298.11251  146.21069    9.29892    0.00000   95.44949
  545  298.11251  146.29350    9.29892    0.00000   95.44949
  546  298.11251  146.37631    9.29892    0.00000   95.44949
  547  298.11251  146.45912    9.29892    0.00000   95.44949
  548  298.11251  146.54193    9.29892    0.00000   95.44949
  549  298.11251  146.62474    9.29892    0.00000   95.44949
  550  298.11251  146.70755    9.29892    0.00000   95.44949
  551  298.11251  146.79035    9.29892    0.00000   95.44949
  552  298.11251  146.87316    9.29892    0.00000   95.44949
  553  298.11251  146.95597    9.29892    0.00000   95.44949
  554  298.11251  147.03878    9.29892    0.00000   95.44949
  555  298.11251  147.12159    9.29892    0.00000   95.44949
  556  298.11251  147.20440    9.29892    0.00000   95.44949
  557  298.11251  147.28721    9.29892    0.00000   95.44949
  558  298.11251  147.37002    9.29892    0.00000   95.44949
  559  298.11251  147.45283    9.29892    0.00000   95.44949
  560  298.11251  147.53564    9.29892    0.00000   95.44949
  561  298.11251  147.61844    9.29892    0.00000   95.44949
  562  298.11251  147.70125    9.29892    0.00000   95.44949
  563  298.11251  147.78406    9.29892    0.00000   95.44949
  564  298.11251  147.86687    9.29892    0.00000   95.44949
  565  298.11251  147.94968    9.29892    0.00000   95.44949
  566  298.11251  148.03249    9.29892    0.00000   95.44949
  567  298.11251  148.11530    9.29892    0.00000   95.44949
  568  298.11251  148.19811    9.29892    0.00000   95.44949
  569  298.11251  148.28092    9.29892    0.00000   95.44949
  570  298.11251  148.36373    9.29892    0.00000   95.44949
  571  298.11251  148.44653    9.29892    0.00000   95.44949
  572  298.11251  148.52934    9.29892    0.00000   95.44949
  573  298.11251  148.61215    9.29892    0.00000   95.44949
  574  298.11251  148.69496    9.29892    0.00000   95.44949
  575  298.11251  148.77777    9.29892    0.00000   95.44949
  576  298.11251  148.86058    9.29892    0.00000   95.44949
  577  298.11251  148.94339    9.29892    0.00000   95.44949
  578  298.11251  149.02620    9.29892    0.00000   95.44949
  579  298.11251  149.10901    9.29892    0.00000   95.44949
  580  298.11251  149.19182    9.29892    0.00000   95.44949
  581  298.11251  149.27463    9.29892    0.00000   95.44949
  582  298.11251  149.35743    9.29892    0.00000   95.44949
  583  298.11251  149.44024    9.29892    0.00000   95.44949
  584  298.11251  149.52305    9.29892    0.00000   95.44949
  585  298.11251  149.60586    9.29892    0.00000   95.44949
  586  298.11251  149.68867    9.29892    0.00000   95.44949
  587  298.11251  149.77148    9.29892    0.00000   95.44949
  588  298.11251  149.85429    9.29892    0.00000   95.44949
  589  298.11251  149.93710    9.29892    0.00000   95.44949
  590  298.11251  150.01991    9.29892    0.00000   95.44949
  591  298.11251  150.10272    9.29892    0.00000   95.44949
  592  298.11251  150.18552    9.29892    0.00000   95.44949
  593  298.11251  150.26833    9.29892    0.00000   95.44949
  594  298.11251  150.35114    9.29892    0.00000   95.44949
  595  298.11251  150.43395    9.29892    0.00000   95.44949
  596  298.11251  150.51676    9.29892    0.00000   95.44949
  597  298.11251  150.59957    9.29892    0.00000   95.44949
  598  298.11251  150.68238    9.29892    0.00000   95.44949
  599  298.11251  150.76519    9.29892    0.00000   95.44949
  600  298.11251  150.84800    9.29892    0.00000   95.44949
  601  298.11251  150.93081    9.29892    0.00000   95.44949
  602  298.11251  151.01361    9.29892    0.00000   95.44949
  603  298.11251  151.09642    9.29892    0.00000   95.44949
  604  298.11251  151.17923    9.29892    0.00000   95.44949
  605  298.11251  151.26204    9.29892    0.00000   95.44949
  606  298.11251  151.34485    9.29892    0.00000   95.44949
  607  298.11251  151.42766    9.29892    0.00000   95.44949
  608  298.11251  151.51047    9.29892    0.00000   95.44949
  609  298.11251  151.59328    9.29892    0.00000   95.44949
  610  298.11251  151.67609    9.29892    0.00000   95.44949
  611  298.11251  151.75890    9.29892    0.00000   95.44949
  612  298.11251  151.84171    9.29892    0.00000   95.44949
  613  298.11251  151.92451    9.29892    0.00000   95.44949
  614  298.11251  152.00732    9.29892    0.00000   95.44949
  615  297.69651  152.09007    0.00000   -0.11556    0.00000
  616  297.28149  152.17271    0.00000   -0.11528    0.00000
  617  296.86745  152.25523    0.00000   -0.11501    0.00000
  618  296.45439  152.33764    0.00000   -0.11474    0.00000
  619  296.04230  152.41993    0.00000   -0.11447    0.00000
  620  295.63118  152.50210    0.00000   -0.11420    0.00000
  621  295.22103  152.58417    0.00000   -0.11393    0.00000
  622  294.81184  152.66612    0.00000   -0.11366    0.00000
  623  294.40361  152.74795    0.00000   -0.11340    0.00000
  624  293.99633  152.82967    0.00000   -0.11313    0.00000
  625  293.59001  152.91128    0.00000   -0.11287    0.00000
  626  293.18464  152.99278    0.00000   -0.11260    0.00000
  627  292.78021  153.07416    0.00000   -0.11234    0.00000
  628  292.37673  153.15544    0.00000   -0.11208    0.00000
  629  291.97418  153.23660    0.00000   -0.11182    0.00000
  630  291.57258  153.31764    0.00000   -0.11156    0.00000
  631  291.17190  153.39858    0.00000   -0.11130    0.00000
  632  290.77216  153.47941    0.00000   -0.11104    0.00000
  633  290.37334  153.56012    0.00000   -0.11078    0.00000
  634  289.97544  153.64072    0.00000   -0.11053    0.00000
  635  289.57847  153.72122    0.00000   -0.11027    0.00000
  636  289.18241  153.80160    0.00000   -0.11002    0.00000
  637  288.78726  153.88188    0.00000   -0.10976    0.00000
  638  288.39303  153.96204    0.00000   -0.10951    0.00000
  639  287.99970  154.04209    0.00000   -0.10926    0.00000
  640  287.60728  154.12204    0.00000   -0.10901    0.00000
  641  287.21575  154.20188    0.00000   -0.10876    0.00000
  642  286.82513  154.28160    0.00000   -0.10851    0.00000
  643  286.43540  154.36122    0.00000   -0.10826    0.00000
  644  286.04656  154.44073    0.00000   -0.10801    0.00000
  645  285.65861  154.52014    0.00000   -0.10776    0.00000
  646  285.27155  154.59943    0.00000   -0.10752    0.00000
  647  284.88537  154.67862    0.00000   -0.10727    0.00000
  648  284.50007  154.75770    0.00000   -0.10703    0.00000
  649  284.11564  154.83668    0.00000   -0.10678    0.00000
  650  283.73209  154.91555    0.00000   -0.10654    0.00000
  651  283.34941  154.99431    0.00000   -0.10630    0.00000
  652  282.96760  155.07296    0.00000   -0.10606    0.00000
  653  282.58665  155.15151    0.00000   -0.10582    0.00000
  654  282.20657  155.22996    0.00000   -0.10558    0.00000
  655  281.82734  155.30829    0.00000   -0.10534    0.00000
  656  281.44897  155.38653    0.00000   -0.10510    0.00000
  657  281.07145  155.46465    0.00000   -0.10487    0.00000
  658  280.69478  155.54268    0.00000   -0.10463    0.00000
  659  280.31896  155.62060    0.00000   -0.10439    0.00000
  660  279.94399  155.69841    0.00000   -0.10416    0.00000
  661  279.56985  155.77612    0.00000   -0.10393    0.00000
  662  279.19656  155.85373    0.00000   -0.10369    0.00000
  663  278.82410  155.93123    0.00000   -0.10346    0.00000
  664  278.45247  156.00863    0.00000   -0.10323    0.00000
  665  278.08167  156.08593    0.00000   -0.10300    0.00000
  666  277.71170  156.16312    0.00000   -0.10277    0.00000
  667  277.34256  156.24021    0.00000   -0.10254    0.00000
  668  276.97424  156.31720    0.00000   -0.10231    0.00000
  669  276.60673  156.39408    0.00000   -0.10208    0.00000
  670  276.24005  156.47087    0.00000   -0.10186    0.00000
  671  275.87417  156.54755    0.00000   -0.10163    0.00000
  672  275.50911  156.62413    0.00000   -0.10141    0.00000
  673  275.14486  156.70061    0.00000   -0.10118    0.00000
  674  274.78141  156.77699    0.00000   -0.10096    0.00000
  675  274.41877  156.85327    0.00000   -0.10073    0.00000
  676  274.05692  156.92945    0.00000   -0.10051    0.00000
  677  273.69588  157.00552    0.00000   -0.10029    0.00000
  678  273.33562  157.08150    0.00000   -0.10007    0.00000
  679  272.97616  157.15738    0.00000   -0.09985    0.00000
  680  272.61750  157.23315    0.00000   -0.09963    0.00000
  681  272.25961  157.30883    0.00000   -0.09941    0.00000
  682  271.90252  157.38441    0.00000   -0.09919    0.00000
  683  271.54620  157.45989    0.00000   -0.09898    0.00000
  684  271.19066  157.53527    0.00000   -0.09876    0.00000
  685  270.83591  157.61055    0.00000   -0.09854    0.00000
  686  270.48192  157.68573    0.00000   -0.09833    0.00000
  687  270.12871  157.76082    0.00000   -0.09811    0.00000
  688  269.77626  157.83580    0.00000   -0.09790    0.00000
  689  269.42459  157.91069    0.00000   -0.09769    0.00000
  690  269.07367  157.98548    0.00000   -0.09748    0.00000
  691  268.72352  158.06018    0.00000   -0.09726    0.00000
  692  268.37413  158.13477    0.00000   -0.09705    0.00000
  693  268.02550  158.20927    0.00000   -0.09684    0.00000
  694  267.67762  158.28368    0.00000   -0.09663    0.00000
  695  267.33049  158.35798    0.00000   -0.09642    0.00000
  696  266.98411  158.43219    0.00000   -0.09622    0.00000
  697  266.63848  158.50631    0.00000   -0.09601    0.00000
  698  266.29359  158.58033    0.00000   -0.09580    0.00000
  699  265.94945  158.65425    0.00000   -0.09560    0.00000
  700  265.60604  158.72808    0.00000   -0.09539    0.00000
  701  265.26337  158.80181    0.00000   -0.09519    0.00000
  702  264.92144  158.87545    0.00000   -0.09498    0.00000
  703  264.58024  158.94899    0.00000   -0.09478    0.00000
  704  264.23977  159.02243    0.00000   -0.09457    0.00000
  705  263.90003  159.09579    0.00000   -0.09437    0.00000
  706  263.56101  159.16905    0.00000   -0.09417    0.00000
  707  263.22272  159.24221    0.00000   -0.09397    0.00000
  708  262.88515  159.31528    0.00000   -0.09377    0.00000
  709  262.54829  159.38826    0.00000   -0.09357    0.00000
  710  262.21216  159.46114    0.00000   -0.09337    0.00000
  711  261.87673  159.53393    0.00000   -0.09317    0.00000
  712  261.54202  159.60663    0.00000   -0.09298    0.00000
  713  261.20802  159.67923    0.00000   -0.09278    0.00000
  714  260.87473  159.75174    0.00000   -0.09258    0.00000
  715  260.54214  159.82416    0.00000   -0.09239    0.00000
  716  260.21025  159.89649    0.00000   -0.09219    0.00000
  717  259.87907  159.96872    0.00000   -0.09200    0.00000
  718  259.54858  160.04087    0.00000   -0.09180    0.00000
  719  259.21879  160.11292    0.00000   -0.09161    0.00000
  720  258.88969  160.18488    0.00000   -0.09142    0.00000
  721  258.56129  160.25675    0.00000   -0.09122    0.00000
  722  258.23357  160.32852    0.00000   -0.09103    0.00000
  723  257.90654  160.40021    0.00000   -0.09084    0.00000
  724  257.58020  160.47180    0.00000   -0.09065    0.00000
  725  257.25454  160.54331    0.00000   -0.09046    0.00000
  726  256.92956  160.61472    0.00000   -0.09027    0.00000
  727  256.60526  160.68605    0.00000   -0.09008    0.00000
  728  256.28164  160.75728    0.00000   -0.08990    0.00000
  729  255.95869  160.82843    0.00000   -0.08971    0.00000
  730  255.63641  160.89948    0.00000   -0.08952    0.00000
  731  255.31480  160.97045    0.00000   -0.08934    0.00000
  732  254.99387  161.04132    0.00000   -0.08915    0.00000
  733  254.67360  161.11211    0.00000   -0.08896    0.00000
  734  254.35399  161.18281    0.00000   -0.08878    0.00000
  735  254.03504  161.25342    0.00000   -0.08860    0.00000
  736  253.71676  161.32394    0.00000   -0.08841    0.00000
  737  253.39913  161.39437    0.00000   -0.08823    0.00000
  738  253.08216  161.46472    0.00000   -0.08805    0.00000
  739  252.76584  161.53497    0.00000   -0.08787    0.00000
  740  252.45017  161.60514    0.00000   -0.08769    0.00000
  741  252.13515  161.67522    0.00000   -0.08750    0.00000
  742  251.82079  161.74522    0.00000   -0.08732    0.00000
  743  251.50706  161.81512    0.00000   -0.08715    0.00000
  744  251.19398  161.88494    0.00000   -0.08697    0.00000
  745  250.88155  161.95468    0.00000   -0.08679    0.00000
  746  250.56975  162.02432    0.00000   -0.08661    0.00000
  747  250.25859  162.09388    0.00000   -0.08643    0.00000
  748  249.94806  162.16336    0.00000   -0.08626    0.00000
  749  249.63817  162.23274    0.00000   -0.08608    0.00000
  750  249.32892  162.30204    0.00000   -0.08591    0.00000
  751  249.02029  162.37126    0.00000   -0.08573    0.00000
  752  248.71229  162.44039    0.00000   -0.08556    0.00000
  753  248.40491  162.50943    0.00000   -0.08538    0.00000
  754  248.09817  162.57839    0.00000   -0.08521    0.00000
  755  247.79204  162.64726    0.00000   -0.08504    0.00000
  756  247.48653  162.71605    0.00000   -0.08486    0.00000
  757  247.18164  162.78476    0.00000   -0.08469    0.00000
  758  246.87737  162.85338    0.00000   -0.08452    0.00000
  759  246.57372  162.92191    0.00000   -0.08435    0.00000
  760  246.27067  162.99036    0.00000   -0.08418    0.00000
  761  245.96824  163.05873    0.00000   -0.08401    0.00000
  762  245.66642  163.12701    0.00000   -0.08384    0.00000
  763  245.36520  163.19521    0.00000   -0.08367    0.00000
  764  245.06459  163.26332    0.00000   -0.08350    0.00000
  765  244.76459  163.33136    0.00000   -0.08333    0.00000
  766  244.46518  163.39931    0.00000   -0.08317    0.00000
  767  244.16638  163.46717    0.00000   -0.08300    0.00000
  768  243.86818  163.53495    0.00000   -0.08283    0.00000
  769  243.57057  163.60265    0.00000   -0.08267    0.00000
  770  243.27355  163.67027    0.00000   -0.08250    0.00000
  771  242.97713  163.73781    0.00000   -0.08234    0.00000
  772  242.68130  163.80526    0.00000   -0.08217    0.00000
  773  242.38606  163.87263    0.00000   -0.08201    0.00000
  774  242.09141  163.93992    0.00000   -0.08185    0.00000
  775  241.79734  164.00712    0.00000   -0.08169    0.00000
  776  241.50386  164.07425    0.00000   -0.08152    0.00000
  777  241.21096  164.14129    0.00000   -0.08136    0.00000
  778  240.91864  164.20825    0.00000   -0.08120    0.00000
  779  240.62690  164.27514    0.00000   -0.08104    0.00000
  780  240.33573  164.34194    0.00000   -0.08088    0.00000
  781  240.04514  164.40866    0.00000   -0.08072    0.00000
  782  239.75513  164.47530    0.00000   -0.08056    0.00000
  783  239.46569  164.54185    0.00000   -0.08040    0.00000
  784  239.17682  164.60833    0.00000   -0.08024    0.00000
  785  238.88851  164.67473    0.00000   -0.08008    0.00000
  786  238.60078  164.74105    0.00000   -0.07993    0.00000
  787  238.31361  164.80729    0.00000   -0.07977    0.00000
  788  238.02700  164.87344    0.00000   -0.07961    0.00000
  789  237.74095  164.93952    0.00000   -0.07946    0.00000
  790  237.45547  165.00552    0.00000   -0.07930    0.00000
  791  237.17054  165.07144    0.00000   -0.07915    0.00000
  792  236.88617  165.13728    0.00000   -0.07899    0.00000
  793  236.60236  165.20305    0.00000   -0.07884    0.00000
  794  236.31910  165.26873    0.00000   -0.07868    0.00000
  795  236.03639  165.33433    0.00000   -0.07853    0.00000
  796  235.75424  165.39986    0.00000   -0.07838    0.00000
  797  235.47263  165.46531    0.00000   -0.07822    0.00000
  798  235.19157  165.53068    0.00000   -0.07807    0.00000
  799  234.91105  165.59597    0.00000   -0.07792    0.00000
  800  234.63108  165.66119    0.00000   -0.07777    0.00000
  801  234.35165  165.72632    0.00000   -0.07762    0.00000
  802  234.07277  165.79138    0.00000   -0.07747    0.00000
  803  233.79442  165.85636    0.00000   -0.07732    0.00000
  804  233.51661  165.92127    0.00000   -0.07717    0.00000
  805  233.23934  165.98609    0.00000   -0.07702    0.00000
  806  232.96260  166.05084    0.00000   -0.07687    0.00000
  807  232.68639  166.11552    0.00000   -0.07672    0.00000
  808  232.41072  166.18011    0.00000   -0.07658    0.00000
  809  232.13557  166.24463    0.00000   -0.07643    0.00000
  810  231.86096  166.30908    0.00000   -0.07628    0.00000
  811  231.58687  166.37345    0.00000   -0.07614    0.00000
  812  231.31331  166.43774    0.00000   -0.07599    0.00000
  813  231.04027  166.50195    0.00000   -0.07584    0.00000
  814  230.76775  166.56609    0.00000   -0.07570    0.00000
  815  230.49576  166.63016    0.00000   -0.07555    0.00000
  816  230.22428  166.69415    0.00000   -0.07541    0.00000
  817  229.95332  166.75806    0.00000   -0.07527    0.00000
  818  229.68288  166.82190    0.00000   -0.07512    0.00000
  819  229.41296  166.88566    0.00000   -0.07498    0.00000
  820  229.14355  166.94935    0.00000   -0.07484    0.00000
  821  228.87465  167.01296    0.00000   -0.07469    0.00000
  822  228.60626  167.07650    0.00000   -0.07455    0.00000
  823  228.33838  167.13997    0.00000   -0.07441    0.00000
  824  228.07100  167.20336    0.00000   -0.07427    0.00000
  825  227.80414  167.26667    0.00000   -0.07413    0.00000
  826  227.53778  167.32992    0.00000   -0.07399    0.00000
  827  227.27192  167.39308    0.00000   -0.07385    0.00000
  828  227.00656  167.45618    0.00000   -0.07371    0.00000
  829  226.74171  167.51920    0.00000   -0.07357    0.00000
  830  226.47735  167.58215    0.00000   -0.07343    0.00000
  831  226.21349  167.64502    0.00000   -0.07329    0.00000
  832  225.95013  167.70782    0.00000   -0.07316    0.00000
  833  225.68726  167.77055    0.00000   -0.07302    0.00000
  834  225.42489  167.83320    0.00000   -0.07288    0.00000
  835  225.16301  167.89578    0.00000   -0.07274    0.00000
  836  224.90162  167.95829    0.00000   -0.07261    0.00000
  837  224.64071  168.02073    0.00000   -0.07247    0.00000
  838  224.38030  168.08309    0.00000   -0.07234    0.00000
  839  224.12037  168.14539    0.00000   -0.07220    0.00000
  840  223.86093  168.20760    0.00000   -0.07207    0.00000
  841  223.60198  168.26975    0.00000   -0.07193    0.00000
  842  223.34350  168.33183    0.00000   -0.07180    0.00000
  843  223.08551  168.39383    0.00000   -0.07166    0.00000
  844  222.82799  168.45576    0.00000   -0.07153    0.00000
  845  222.57096  168.51763    0.00000   -0.07140    0.00000
  846  222.31440  168.57942    0.00000   -0.07127    0.00000
  847  222.05832  168.64113    0.00000   -0.07113    0.00000
  848  221.80271  168.70278    0.00000   -0.07100    0.00000
  849  221.54757  168.76436    0.00000   -0.07087    0.00000
  850  221.29291  168.82586    0.00000   -0.07074    0.00000
  851  221.03872  168.88730    0.00000   -0.07061    0.00000
  852  220.78500  168.94866    0.00000   -0.07048    0.00000
  853  220.53174  169.00996    0.00000   -0.07035    0.00000
  854  220.27895  169.07118    0.00000   -0.07022    0.00000
  855  220.02663  169.13233    0.00000   -0.07009    0.00000
  856  219.77477  169.19342    0.00000   -0.06996    0.00000
  857  219.52338  169.25443    0.00000   -0.06983    0.00000
  858  219.27244  169.31537    0.00000   -0.06970    0.00000
  859  219.02197  169.37625    0.00000   -0.06958    0.00000
  860  218.77195  169.43705    0.00000   -0.06945    0.00000
  861  218.52239  169.49779    0.00000   -0.06932    0.00000
  862  218.27329  169.55846    0.00000   -0.06919    0.00000
  863  218.02465  169.61905    0.00000   -0.06907    0.00000
  864  217.77645  169.67958    0.00000   -0.06894    0.00000
  865  217.52872  169.74004    0.00000   -0.06882    0.00000
  866  217.28143  169.80043    0.00000   -0.06869    0.00000
  867  217.03459  169.86075    0.00000   -0.06857    0.00000
  868  216.78820  169.92100    0.00000   -0.06844    0.00000
  869  216.54226  169.98119    0.00000   -0.06832    0.00000
  870  216.29677  170.04131    0.00000   -0.06819    0.00000
  871  216.05172  170.10135    0.00000   -0.06807    0.00000
  872  215.80711  170.16133    0.00000   -0.06795    0.00000
  873  215.56295  170.22125    0.00000   -0.06782    0.00000
  874  215.31923  170.28109    0.00000   -0.06770    0.00000
  875  215.07595  170.34087    0.00000   -0.06758    0.00000
  876  214.83311  170.40058    0.00000   -0.06746    0.00000
  877  214.59071  170.46022    0.00000   -0.06733    0.00000
  878  214.34874  170.51980    0.00000   -0.06721    0.00000
  879  214.10721  170.57930    0.00000   -0.06709    0.00000
  880  213.86612  170.63874    0.00000   -0.06697    0.00000
  881  213.62546  170.69812    0.00000   -0.06685    0.00000
  882  213.38523  170.75742    0.00000   -0.06673    0.00000
  883  213.14543  170.81667    0.00000   -0.06661    0.00000
  884  212.90606  170.87584    0.00000   -0.06649    0.00000
  885  212.66712  170.93495    0.00000   -0.06637    0.00000
  886  212.42861  170.99399    0.00000   -0.06625    0.00000
  887  212.19053  171.05296    0.00000   -0.06613    0.00000
  888  211.95287  171.11187    0.00000   -0.06602    0.00000
  889  211.71563  171.17071    0.00000   -0.06590    0.00000
  890  211.47882  171.22949    0.00000   -0.06578    0.00000
  891  211.24242  171.28820    0.00000   -0.06566    0.00000
  892  211.00645  171.34685    0.00000   -0.06555    0.00000
  893  210.77090  171.40543    0.00000   -0.06543    0.00000
  894  210.53577  171.46394    0.00000   -0.06531    0.00000
  895  210.30106  171.52239    0.00000   -0.06520    0.00000
  896  210.06676  171.58078    0.00000   -0.06508    0.00000
  897  209.83287  171.63910    0.00000   -0.06497    0.00000
  898  209.59940  171.69735    0.00000   -0.06485    0.00000
  899  209.36635  171.75554    0.00000   -0.06474    0.00000
  900  209.13370  171.81367    0.00000   -0.06462    0.00000
  901  208.90147  171.87173    0.00000   -0.06451    0.00000
  902  208.66965  171.92972    0.00000   -0.06440    0.00000
  903  208.43823  171.98765    0.00000   -0.06428    0.00000
  904  208.20722  172.04552    0.00000   -0.06417    0.00000
  905  207.97662  172.10332    0.00000   -0.06406    0.00000
  906  207.74642  172.16106    0.00000   -0.06394    0.00000
  907  207.51663  172.21874    0.00000   -0.06383    0.00000
  908  207.28724  172.27635    0.00000   -0.06372    0.00000
  909  207.32525  172.33394    0.00000    0.01056    0.00000
  910  207.36318  172.39153    0.00000    0.01054    0.00000
  911  207.40105  172.44914    0.00000    0.01052    0.00000
  912  207.43885  172.50675    0.00000    0.01050    0.00000
  913  207.47659  172.56438    0.00000    0.01048    0.00000
  914  207.51426  172.62202    0.00000    0.01046    0.00000
  915  207.55186  172.67967    0.00000    0.01045    0.00000
  916  207.58940  172.73733    0.00000    0.01043    0.00000
  917  207.62688  172.79499    0.00000    0.01041    0.00000
  918  207.66428  172.85267    0.00000    0.01039    0.00000
  919  207.70162  172.91036    0.00000    0.01037    0.00000
  920  207.73890  172.96806    0.00000    0.01035    0.00000
  921  207.77611  173.02577    0.00000    0.01034    0.00000
  922  207.81325  173.08349    0.00000    0.01032    0.00000
  923  207.85033  173.14123    0.00000    0.01030    0.00000
  924  207.31654  173.19889   -0.00776   -0.14828   -0.15856
  925  206.78368  173.25640   -0.00774   -0.14802   -0.15856
  926  206.25176  173.31377   -0.00772   -0.14776   -0.15856
  927  205.72076  173.37099   -0.00770   -0.14750   -0.15856
  928  205.19069  173.42806   -0.00768   -0.14724   -0.15856
  929  204.66155  173.48498   -0.00766   -0.14699   -0.15856
  930  204.13332  173.54176   -0.00764   -0.14673   -0.15856
  931  203.60601  173.59839   -0.00762   -0.14648   -0.15856
  932  203.07961  173.65487   -0.00760   -0.14622   -0.15856
  933  202.55411  173.71121   -0.00758   -0.14597   -0.15856
  934  202.02953  173.76740   -0.00756   -0.14572   -0.15856
  935  201.50584  173.82345   -0.00754   -0.14547   -0.15856
  936  200.98305  173.87935   -0.00752   -0.14522   -0.15856
  937  200.46116  173.93511   -0.00750   -0.14497   -0.15856
  938  199.94016  173.99072   -0.00749   -0.14472   -0.15856
  939  199.42004  174.04618   -0.00747   -0.14448   -0.15856
  940  198.90082  174.10151   -0.00745   -0.14423   -0.15856
  941  198.11548  174.15665   -0.00742   -0.21815   -0.15856
  942  197.33147  174.21157   -0.00739   -0.21778   -0.15856
  943  196.54879  174.26628   -0.00736   -0.21741   -0.15856
  944  195.76742  174.32077   -0.00733   -0.21705   -0.15856
  945  194.98737  174.37504   -0.00730   -0.21668   -0.15856
  946  194.20862  174.42909   -0.00727   -0.21632   -0.15856
  947  193.43116  174.48293   -0.00724   -0.21596   -0.15856
  948  192.65500  174.53655   -0.00721   -0.21560   -0.15856
  949  191.88012  174.58996   -0.00718   -0.21524   -0.15856
  950  191.10652  174.64315   -0.00715   -0.21489   -0.15856
  951  190.33420  174.69613   -0.00713   -0.21453   -0.15856
  952  189.56314  174.74890   -0.00710   -0.21418   -0.15856
  953  188.79335  174.80145   -0.00707   -0.21383   -0.15856
  954  188.02481  174.85378   -0.00704   -0.21348   -0.15856
  955  187.25751  174.90590   -0.00701   -0.21314   -0.15856
  956  186.49146  174.95781   -0.00698   -0.21279   -0.15856
  957  185.72665  175.00951   -0.00695   -0.21245   -0.15856
  958  184.96307  175.06099   -0.00692   -0.21211   -0.15856
  959  184.20071  175.11227   -0.00690   -0.21177   -0.15856
  960  183.43957  175.16333   -0.00687   -0.21143   -0.15856
  961  182.67965  175.21418   -0.00684   -0.21109   -0.15856
  962  181.92093  175.26482   -0.00681   -0.21075   -0.15856
  963  181.16341  175.31525   -0.00678   -0.21042   -0.15856
  964  180.40709  175.36546   -0.00675   -0.21009   -0.15856
  965  179.65196  175.41547   -0.00673   -0.20976   -0.15856
  966  178.89801  175.46527   -0.00670   -0.20943   -0.15856
  967  178.14525  175.51486   -0.00667   -0.20910   -0.15856
  968  177.39365  175.56424   -0.00664   -0.20878   -0.15856
  969  176.64322  175.61341   -0.00661   -0.20845   -0.15856
  970  175.89396  175.66238   -0.00658   -0.20813   -0.15856
  971  175.14585  175.71113   -0.00656   -0.20781   -0.15856
  972  174.39889  175.75968   -0.00653   -0.20749   -0.15856
  973  173.65307  175.80802   -0.00650   -0.20717   -0.15856
  974  172.90840  175.85615   -0.00647   -0.20685   -0.15856
  975  172.16486  175.90408   -0.00645   -0.20654   -0.15856
  976  171.42244  175.95180   -0.00642   -0.20623   -0.15856
  977  170.68115  175.99931   -0.00639   -0.20591   -0.15856
  978  169.94098  176.04662   -0.00636   -0.20560   -0.15856
  979  169.20192  176.09373   -0.00633   -0.20529   -0.15856
  980  168.46397  176.14062   -0.00631   -0.20499   -0.15856
  981  167.72712  176.18732   -0.00628   -0.20468   -0.15856
  982  166.99136  176.23381   -0.00625   -0.20438   -0.15856
  983  166.25670  176.28009   -0.00622   -0.20407   -0.15856
  984  165.52312  176.32617   -0.00620   -0.20377   -0.15856
  985  164.79062  176.37205   -0.00617   -0.20347   -0.15856
  986  164.05920  176.41772   -0.00614   -0.20317   -0.15856
  987  163.32884  176.46319   -0.00611   -0.20288   -0.15856
  988  162.59955  176.50846   -0.00609   -0.20258   -0.15856
  989  161.87132  176.55353   -0.00606   -0.20229   -0.15856
  990  161.14415  176.59839   -0.00603   -0.20199   -0.15856
  991  160.41803  176.64305   -0.00601   -0.20170   -0.15856
  992  159.69295  176.68751   -0.00598   -0.20141   -0.15856
  993  158.96890  176.73177   -0.00595   -0.20112   -0.15856
  994  158.24590  176.77583   -0.00592   -0.20084   -0.15856
  995  157.52392  176.81968   -0.00590   -0.20055   -0.15856
  996  156.80297  176.86334   -0.00587   -0.20026   -0.15856
  997  156.08303  176.90680   -0.00584   -0.19998   -0.15856
  998  155.36411  176.95005   -0.00582   -0.19970   -0.15856
  999  154.64620  176.99311   -0.00579   -0.19942   -0.15856
 1000  153.92930  177.03597   -0.00576   -0.19914   -0.15856
 1001  153.21339  177.07863   -0.00574   -0.19886   -0.15856
 1002  152.49848  177.12109   -0.00571   -0.19859   -0.15856
 1003  151.78456  177.16335   -0.00568   -0.19831   -0.15856
 1004  151.07162  177.20541   -0.00566   -0.19804   -0.15856
 1005  150.35967  177.24728   -0.00563   -0.19777   -0.15856
 1006  149.64869  177.28894   -0.00560   -0.19749   -0.15856
 1007  148.93868  177.33042   -0.00558   -0.19722   -0.15856
 1008  148.22964  177.37169   -0.00555   -0.19696   -0.15856
 1009  147.52156  177.41277   -0.00552   -0.19669   -0.15856
 1010  146.81443  177.45365   -0.00550   -0.19642   -0.15856
 1011  146.10826  177.49433   -0.00547   -0.19616   -0.15856
 1012  145.40303  177.53482   -0.00544   -0.19590   -0.15856
 1013  144.69875  177.57511   -0.00542   -0.19563   -0.15856
 1014  143.99541  177.61520   -0.00539   -0.19537   -0.15856
 1015  143.29300  177.65511   -0.00536   -0.19511   -0.15856
 1016  142.59151  177.69481   -0.00534   -0.19486   -0.15856
 1017  141.89096  177.73432   -0.00531   -0.19460   -0.15856
 1018  141.19132  177.77364   -0.00529   -0.19434   -0.15856
 1019  140.49260  177.81276   -0.00526   -0.19409   -0.15856
 1020  139.79479  177.85169   -0.00523   -0.19384   -0.15856
 1021  139.09788  177.89043   -0.00521   -0.19358   -0.15856
 1022  138.40188  177.92897   -0.00518   -0.19333   -0.15856
 1023  137.70677  177.96732   -0.00516   -0.19308   -0.15856
 1024  137.01256  178.00547   -0.00513   -0.19284   -0.15856
 1025  136.31924  178.04344   -0.00510   -0.19259   -0.15856
 1026  135.62680  178.08121   -0.00508   -0.19234   -0.15856
 1027  134.93524  178.11878   -0.00505   -0.19210   -0.15856
 1028  134.24455  178.15617   -0.00503   -0.19186   -0.15856
 1029  133.55474  178.19336   -0.00500   -0.19161   -0.15856
 1030  132.86579  178.23037   -0.00497   -0.19137   -0.15856
 1031  132.17771  178.26718   -0.00495   -0.19113   -0.15856
 1032  131.49049  178.30380   -0.00492   -0.19090   -0.15856
 1033  130.80412  178.34023   -0.00490   -0.19066   -0.15856
 1034  130.11859  178.37647   -0.00487   -0.19042   -0.15856
 1035  129.43392  178.41252   -0.00485   -0.19019   -0.15856
 1036  128.75009  178.44838   -0.00482   -0.18995   -0.15856
 1037  128.06709  178.48405   -0.00479   -0.18972   -0.15856
 1038  127.38493  178.51952   -0.00477   -0.18949   -0.15856
 1039  126.70359  178.55481   -0.00474   -0.18926   -0.15856
 1040  126.02308  178.58992   -0.00472   -0.18903   -0.15856
 1041  125.34339  178.62483   -0.00469   -0.18880   -0.15856
 1042  124.66452  178.65955   -0.00467   -0.18858   -0.15856
 1043  123.98646  178.69409   -0.00464   -0.18835   -0.15856
 1044  123.30920  178.72843   -0.00462   -0.18813   -0.15856
 1045  122.63276  178.76259   -0.00459   -0.18790   -0.15856
 1046  121.95711  178.79656   -0.00457   -0.18768   -0.15856
 1047  121.28226  178.83035   -0.00454   -0.18746   -0.15856
 1048  120.60820  178.86394   -0.00452   -0.18724   -0.15856
 1049  120.23370  178.89739   -0.00450   -0.10403   -0.15856
 1050  119.85964  178.93074   -0.00449   -0.10391   -0.15856
 1051  119.48601  178.96398   -0.00447   -0.10379   -0.15856
 1052  119.11282  178.99712   -0.00446   -0.10366   -0.15856
 1053  118.74006  179.03015   -0.00445   -0.10354   -0.15856
 1054  118.36773  179.06309   -0.00443   -0.10342   -0.15856
 1055  117.99583  179.09591   -0.00442   -0.10331   -0.15856
 1056  117.62435  179.12864   -0.00440   -0.10319   -0.15856
 1057  117.25331  179.16126   -0.00439   -0.10307   -0.15856
 1058  116.88269  179.19378   -0.00438   -0.10295   -0.15856
 1059  116.51249  179.22620   -0.00436   -0.10283   -0.15856
 1060  116.14271  179.25851   -0.00435   -0.10272   -0.15856
 1061  115.77336  179.29072   -0.00433   -0.10260   -0.15856
 1062  115.40443  179.32283   -0.00432   -0.10248   -0.15856
 1063  115.03591  179.35483   -0.00431   -0.10237   -0.15856
 1064  114.66781  179.38674   -0.00429   -0.10225   -0.15856
 1065  114.30012  179.41854   -0.00428   -0.10213   -0.15856
 1066  113.93285  179.45024   -0.00427   -0.10202   -0.15856
 1067  113.56599  179.48183   -0.00425   -0.10191   -0.15856
 1068  113.19955  179.51333   -0.00424   -0.10179   -0.15856
 1069  112.83351  179.54472   -0.00422   -0.10168   -0.15856
 1070  112.46788  179.57601   -0.00421   -0.10156   -0.15856
 1071  112.10266  179.60720   -0.00420   -0.10145   -0.15856
 1072  111.73784  179.63829   -0.00418   -0.10134   -0.15856
 1073  111.37343  179.66928   -0.00417   -0.10123   -0.15856
 1074  111.00942  179.70017   -0.00416   -0.10111   -0.15856
 1075  110.64581  179.73095   -0.00414   -0.10100   -0.15856
 1076  110.28260  179.76164   -0.00413   -0.10089   -0.15856
 1077  109.91980  179.79222   -0.00412   -0.10078   -0.15856
 1078  109.55738  179.82270   -0.00410   -0.10067   -0.15856
 1079  109.19537  179.85309   -0.00409   -0.10056   -0.15856
 1080  108.83375  179.88337   -0.00407   -0.10045   -0.15856
 1081  108.47253  179.91355   -0.00406   -0.10034   -0.15856
 1082  108.11169  179.94363   -0.00405   -0.10023   -0.15856
 1083  107.75125  179.97361   -0.00403   -0.10012   -0.15856
 1084  107.39120  180.00349   -0.00402   -0.10001   -0.15856
 1085  107.03153  180.03327   -0.00401   -0.09991   -0.15856
 1086  106.67226  180.06295   -0.00399   -0.09980   -0.15856
 1087  106.01459  180.09249   -0.00397   -0.18268   -0.15856
 1088  105.35763  180.12185   -0.00394   -0.18249   -0.15856
 1089  104.70137  180.15103   -0.00392   -0.18229   -0.15856
 1090  104.04581  180.18002   -0.00390   -0.18210   -0.15856
 1091  103.39094  180.20883   -0.00387   -0.18191   -0.15856
 1092  102.73676  180.23746   -0.00385   -0.18172   -0.15856
 1093  102.08326  180.26591   -0.00382   -0.18153   -0.15856
 1094  101.43045  180.29417   -0.00380   -0.18134   -0.15856
 1095  100.77832  180.32226   -0.00377   -0.18115   -0.15856
 1096  100.12686  180.35016   -0.00375   -0.18096   -0.15856
 1097   99.47607  180.37788   -0.00372   -0.18077   -0.15856
 1098   98.82596  180.40542   -0.00370   -0.18059   -0.15856
 1099   98.17650  180.43279   -0.00368   -0.18040   -0.15856
 1100   97.52771  180.45997   -0.00365   -0.18022   -0.15856
 1101   96.87957  180.48697   -0.00363   -0.18004   -0.15856
 1102   96.23209  180.51379   -0.00360   -0.17986   -0.15856
 1103   95.58526  180.54043   -0.00358   -0.17968   -0.15856
 1104   94.93907  180.56689   -0.00355   -0.17950   -0.15856
 1105   94.29353  180.59317   -0.00353   -0.17932   -0.15856
 1106   93.64863  180.61928   -0.00351   -0.17914   -0.15856
 1107   93.00437  180.64520   -0.00348   -0.17896   -0.15856
 1108   92.36074  180.67095   -0.00346   -0.17879   -0.15856
 1109   91.71773  180.69651   -0.00343   -0.17861   -0.15856
 1110   91.07536  180.72190   -0.00341   -0.17844   -0.15856
 1111   90.43361  180.74711   -0.00339   -0.17826   -0.15856
 1112   89.79247  180.77214   -0.00336   -0.17809   -0.15856
 1113   89.15196  180.79700   -0.00334   -0.17792   -0.15856
 1114   88.51205  180.82167   -0.00331   -0.17775   -0.15856
 1115   87.87276  180.84617   -0.00329   -0.17758   -0.15856
 1116   87.23407  180.87049   -0.00327   -0.17741   -0.15856
 1117   86.59598  180.89463   -0.00324   -0.17725   -0.15856
 1118   85.95850  180.91860   -0.00322   -0.17708   -0.15856
 1119   85.32161  180.94239   -0.00319   -0.17691   -0.15856
 1120   84.68531  180.96600   -0.00317   -0.17675   -0.15856
 1121   84.04960  180.98943   -0.00315   -0.17659   -0.15856
 1122   83.41448  181.01269   -0.00312   -0.17642   -0.15856
 1123   82.77994  181.03578   -0.00310   -0.17626   -0.15856
 1124   82.14598  181.05868   -0.00308   -0.17610   -0.15856
 1125   81.51260  181.08141   -0.00305   -0.17594   -0.15856
 1126   80.87979  181.10397   -0.00303   -0.17578   -0.15856
 1127   80.24755  181.12635   -0.00300   -0.17562   -0.15856
 1128   79.61588  181.14855   -0.00298   -0.17546   -0.15856
 1129   78.98477  181.17058   -0.00296   -0.17531   -0.15856
 1130   78.35422  181.19243   -0.00293   -0.17515   -0.15856
 1131   77.72423  181.21411   -0.00291   -0.17500   -0.15856
 1132   77.09480  181.23561   -0.00289   -0.17484   -0.15856
 1133   76.46591  181.25694   -0.00286   -0.17469   -0.15856
 1134   75.83757  181.27809   -0.00284   -0.17454   -0.15856
 1135   75.20978  181.29907   -0.00282   -0.17439   -0.15856
 1136   74.58253  181.31987   -0.00279   -0.17424   -0.15856
 1137   73.95581  181.34050   -0.00277   -0.17409   -0.15856
 1138   73.32963  181.36096   -0.00275   -0.17394   -0.15856
 1139   72.70399  181.38124   -0.00272   -0.17379   -0.15856
 1140   72.07887  181.40135   -0.00270   -0.17364   -0.15856
 1141   71.45428  181.42129   -0.00268   -0.17350   -0.15856
 1142   70.83021  181.44105   -0.00265   -0.17335   -0.15856
 1143   70.20666  181.46064   -0.00263   -0.17321   -0.15856
 1144   69.58363  181.48005   -0.00261   -0.17306   -0.15856
 1145   68.96111  181.49930   -0.00258   -0.17292   -0.15856
 1146   68.33910  181.51836   -0.00256   -0.17278   -0.15856
 1147   67.71760  181.53726   -0.00254   -0.17264   -0.15856
 1148   67.09661  181.55599   -0.00251   -0.17250   -0.15856
 1149   66.47611  181.57454   -0.00249   -0.17236   -0.15856
 1150   65.85612  181.59292   -0.00247   -0.17222   -0.15856
 1151   65.23662  181.61112   -0.00244   -0.17208   -0.15856
 1152   64.61761  181.62916   -0.00242   -0.17195   -0.15856
 1153   63.99909  181.64702   -0.00240   -0.17181   -0.15856
 1154   63.38106  181.66471   -0.00237   -0.17168   -0.15856
 1155   62.76351  181.68223   -0.00235   -0.17154   -0.15856
 1156   62.14645  181.69958   -0.00233   -0.17141   -0.15856
 1157   61.52986  181.71676   -0.00230   -0.17127   -0.15856
 1158   60.91375  181.73377   -0.00228   -0.17114   -0.15856
 1159   60.29810  181.75060   -0.00226   -0.17101   -0.15856
 1160   59.68293  181.76727   -0.00223   -0.17088   -0.15856
 1161   59.06822  181.78376   -0.00221   -0.17075   -0.15856
 1162   58.45398  181.80008   -0.00219   -0.17062   -0.15856
 1163   57.84019  181.81623   -0.00217   -0.17050   -0.15856
 1164   57.22687  181.83222   -0.00214   -0.17037   -0.15856
 1165   56.61400  181.84803   -0.00212   -0.17024   -0.15856
 1166   56.00158  181.86367   -0.00210   -0.17012   -0.15856
 1167   55.38960  181.87914   -0.00207   -0.16999   -0.15856
 1168   54.77808  181.89444   -0.00205   -0.16987   -0.15856
 1169   54.16700  181.90957   -0.00203   -0.16975   -0.15856
 1170   53.55635  181.92453   -0.00201   -0.16962   -0.15856
 1171   52.94615  181.93932   -0.00198   -0.16950   -0.15856
 1172   52.33638  181.95395   -0.00196   -0.16938   -0.15856
 1173   51.72704  181.96840   -0.00194   -0.16926   -0.15856
 1174   51.11813  181.98268   -0.00191   -0.16914   -0.15856
 1175   50.50964  181.99680   -0.00189   -0.16902   -0.15856
 1176   49.90158  182.01075   -0.00187   -0.16891   -0.15856
 1177   49.29394  182.02452   -0.00185   -0.16879   -0.15856
 1178   48.68672  182.03813   -0.00182   -0.16867   -0.15856
 1179   48.07991  182.05157   -0.00180   -0.16856   -0.15856
 1180   47.47352  182.06484   -0.00178   -0.16844   -0.15856
 1181   46.86753  182.07794   -0.00175   -0.16833   -0.15856
 1182   46.26195  182.09088   -0.00173   -0.16822   -0.15856
 1183   45.65677  182.10365   -0.00171   -0.16810   -0.15856
 1184   45.05200  182.11624   -0.00169   -0.16799   -0.15856
 1185   44.44762  182.12867   -0.00166   -0.16788   -0.15856
 1186   43.84364  182.14094   -0.00164   -0.16777   -0.15856
 1187   43.24006  182.15303   -0.00162   -0.16766   -0.15856
 1188   42.63686  182.16496   -0.00160   -0.16755   -0.15856
 1189   42.03405  182.17672   -0.00157   -0.16745   -0.15856
 1190   41.43162  182.18831   -0.00155   -0.16734   -0.15856
 1191   40.82958  182.19974   -0.00153   -0.16723   -0.15856
 1192   40.22792  182.21100   -0.00151   -0.16713   -0.15856
 1193   39.62663  182.22209   -0.00148   -0.16702   -0.15856
 1194   39.02572  182.23301   -0.00146   -0.16692   -0.15856
 1195   38.42518  182.24377   -0.00144   -0.16682   -0.15856
 1196   37.82500  182.25436   -0.00142   -0.16671   -0.15856
 1197   37.22520  182.26478   -0.00139   -0.16661   -0.15856
 1198   36.62575  182.27504   -0.00137   -0.16651   -0.15856
 1199   36.02667  182.28513   -0.00135   -0.16641   -0.15856
 1200   35.42795  182.29505   -0.00133   -0.16631   -0.15856
 1201   34.82958  182.30481   -0.00130   -0.16621   -0.15856
 1202   34.23156  182.31440   -0.00128   -0.16612   -0.15856
 1203   33.63390  182.32383   -0.00126   -0.16602   -0.15856
 1204   33.03658  182.33309   -0.00124   -0.16592   -0.15856
 1205   32.43960  182.34218   -0.00121   -0.16583   -0.15856
 1206   31.84297  182.35111   -0.00119   -0.16573   -0.15856
 1207   31.24668  182.35987   -0.00117   -0.16564   -0.15856
 1208   30.65073  182.36847   -0.00115   -0.16554   -0.15856
 1209   30.05511  182.37690   -0.00113   -0.16545   -0.15856
 1210   29.45982  182.38517   -0.00110   -0.16536   -0.15856
 1211   28.86486  182.39327   -0.00108   -0.16527   -0.15856
 1212   28.27023  182.40120   -0.00106   -0.16518   -0.15856
 1213   27.67593  182.40897   -0.00104   -0.16509   -0.15856
 1214   27.08194  182.41658   -0.00101   -0.16500   -0.15856
 1215   26.48828  182.42402   -0.00099   -0.16491   -0.15856
 1216   25.89493  182.43129   -0.00097   -0.16482   -0.15856
 1217   25.30189  182.43841   -0.00095   -0.16473   -0.15856
 1218   24.70917  182.44535   -0.00093   -0.16465   -0.15856
 1219   24.11676  182.45213   -0.00090   -0.16456   -0.15856
 1220   23.52465  182.45875   -0.00088   -0.16447   -0.15856
 1221   22.93284  182.46520   -0.00086   -0.16439   -0.15856
 1222   22.34134  182.47149   -0.00084   -0.16431   -0.15856
 1223   21.75014  182.47761   -0.00081   -0.16422   -0.15856
 1224   21.15923  182.48357   -0.00079   -0.16414   -0.15856
 1225   20.56862  182.48937   -0.00077   -0.16406   -0.15856
 1226   19.97829  182.49500   -0.00075   -0.16398   -0.15856
 1227   19.38826  182.50047   -0.00073   -0.16390   -0.15856
 1228   18.79851  182.50577   -0.00070   -0.16382   -0.15856
 1229   18.20905  182.51091   -0.00068   -0.16374   -0.15856
 1230   17.61987  182.51589   -0.00066   -0.16366   -0.15856
 1231   17.03097  182.52070   -0.00064   -0.16358   -0.15856
 1232   16.44234  182.52535   -0.00062   -0.16351   -0.15856
 1233   15.85399  182.52984   -0.00059   -0.16343   -0.15856
 1234   15.26591  182.53416   -0.00057   -0.16336   -0.15856
 1235   14.67810  182.53832   -0.00055   -0.16328   -0.15856
 1236   14.09055  182.54231   -0.00053   -0.16321   -0.15856
 1237   13.50327  182.54614   -0.00051   -0.16313   -0.15856
 1238   12.91625  182.54981   -0.00048   -0.16306   -0.15856
 1239   12.32949  182.55332   -0.00046   -0.16299   -0.15856
 1240   11.74299  182.55666   -0.00044   -0.16292   -0.15856
 1241   11.15674  182.55984   -0.00042   -0.16285   -0.15856
 1242   10.57074  182.56286   -0.00040   -0.16278   -0.15856
 1243    9.98500  182.56572   -0.00037   -0.16271   -0.15856
 1244    9.39950  182.56841   -0.00035   -0.16264   -0.15856
 1245    8.81424  182.57094   -0.00033   -0.16257   -0.15856
 1246    8.22923  182.57331   -0.00031   -0.16250   -0.15856
 1247    7.64446  182.57551   -0.00029   -0.16244   -0.15856
 1248    7.05992  182.57755   -0.00026   -0.16237   -0.15856
 1249    6.47562  182.57943   -0.00024   -0.16231   -0.15856
 1250    5.89155  182.58115   -0.00022   -0.16224   -0.15856
 1251    5.30771  182.58271   -0.00020   -0.16218   -0.15856
 1252    4.72410  182.58410   -0.00018   -0.16211   -0.15856
 1253    4.14072  182.58533   -0.00016   -0.16205   -0.15856
 1254    3.55756  182.58640   -0.00013   -0.16199   -0.15856
 1255    2.97462  182.58731   -0.00011   -0.16193   -0.15856
 1256    2.39189  182.58805   -0.00009   -0.16187   -0.15856
 1257    1.80939  182.58864   -0.00007   -0.16181   -0.15856
 1258    1.22709  182.58906   -0.00005   -0.16175   -0.15856
 1259    0.64501  182.58932   -0.00002   -0.16169   -0.15856
 1260    0.06314  182.58942   -0.00000   -0.16163   -0.15856
 1261    0.00000  182.58942    0.00000    0.00000    0.00000
 1262    0.00000  182.58942    0.00000    0.00000    0.00000
 1263    0.00000  182.58942    0.00000    0.00000    0.00000
 1264    0.00000  182.58942    0.00000    0.00000    0.00000
 1265    0.00000  182.58942    0.00000    0.00000    0.00000
 1266    0.00000  182.58942    0.00000    0.00000    0.00000
 1267    0.00000  182.58942    0.00000    0.00000    0.00000
 1268    0.00000  182.58942    0.00000    0.00000    0.00000
 1269    0.00000  182.58942    0.00000    0.00000    0.00000
 1270    0.00000  182.58942    0.00000    0.00000    0.00000
 1271    0.00000  182.58942    0.00000    0.00000    0.00000
 1272    0.00000  182.58942    0.00000    0.00000    0.00000
 1273    0.00000  182.58942    0.00000    0.00000    0.00000
 1274    0.00000  182.58942    0.00000    0.00000    0.00000
 1275    0.00000  182.58942    0.00000    0.00000    0.00000
 1276    0.00000  182.58942    0.00000    0.00000    0.00000
 1277    0.00000  182.58942    0.00000    0.00000    0.00000
 1278    0.00000  182.58942    0.00000    0.00000    0.00000
 1279    0.00000  182.58942    0.00000    0.00000    0.00000
 1280    0.00000  182.58942    0.00000    0.00000    0.00000
 1281    0.00000  182.58942    0.00000    0.00000    0.00000
 1282    0.00000  182.58942    0.00000    0.00000    0.00000
 1283    0.00000  182.58942    0.00000    0.00000    0.00000
 1284    0.00000  182.58942    0.00000    0.00000    0.00000
 1285    0.00000  182.58942    0.00000    0.00000    0.00000
 1286    0.00000  182.58942    0.00000    0.00000    0.00000
 1287    0.00000  182.58942    0.00000    0.00000    0.00000
 1288    0.00000  182.58942    0.00000    0.00000    0.00000
 1289    0.00000  182.58942    0.00000    0.00000    0.00000
 1290    0.00000  182.58942    0.00000    0.00000    0.00000
 1291    0.00000  182.58942    0.00000    0.00000    0.00000
 1292    0.00000  182.58942    0.00000    0.00000    0.00000
 1293    0.00000  182.58942    0.00000    0.00000    0.00000
 1294    0.00000  182.58942    0.00000    0.00000    0.00000
 1295    0.00000  182.58942    0.00000    0.00000    0.00000
 1296    0.00000  182.58942    0.00000    0.00000    0.00000
 1297    0.00000  182.58942    0.00000    0.00000    0.00000
 1298    0.00000  182.58942    0.00000    0.00000    0.00000
 1299    0.00000  182.58942    0.00000    0.00000    0.00000
 1300    0.00000  182.58942    0.00000    0.00000    0.00000
 1301    0.00000  182.58942    0.00000    0.00000    0.00000
 1302    0.00000  182.58942    0.00000    0.00000    0.00000
 1303    0.00000  182.58942    0.00000    0.00000    0.00000
 1304    0.00000  182.58942    0.00000    0.00000    0.00000
 1305    0.00000  182.58942    0.00000    0.00000    0.00000
 1306    0.00000  182.58942    0.00000    0.00000    0.00000
 1307    0.00000  182.58942    0.00000    0.00000    0.00000
 1308    0.00000  182.58942    0.00000    0.00000    0.00000
 1309    0.00000  182.58942    0.00000    0.00000    0.00000
 1310    0.00000  182.58942    0.00000    0.00000    0.00000
 1311    0.00000  182.58942    0.00000    0.00000    0.00000
 1312    0.00000  182.58942    0.00000    0.00000    0.00000
 1313    0.00000  182.58942    0.00000    0.00000    0.00000
 1314    0.00000  182.58942    0.00000    0.00000    0.00000
 1315    0.00000  182.58942    0.00000    0.00000    0.00000
 1316    0.00000  182.58942    0.00000    0.00000    0.00000
 1317    0.00000  182.58942    0.00000    0.00000    0.00000
 1318    0.00000  182.58942    0.00000    0.00000    0.00000
 1319    0.00000  182.58942    0.00000    0.00000    0.00000
 1320    0.00000  182.58942    0.00000    0.00000    0.00000
