    0    0.00000  477.80000    0.00000    0.00000    0.00000
    1    1.84146  477.80026    0.25576    0.51152  425.00000
    2    3.68227  477.80102    0.51143    0.51133  425.00000
    3    5.52239  477.80230    0.76700    0.51114  425.00000
    4    7.36180  477.80409    1.02247    0.51095  425.00000
    5    9.20049  477.80639    1.27785    0.51075  425.00000
    6   11.03843  477.80920    1.53311    0.51054  425.00000
    7   12.87559  477.81252    1.78828    0.51032  425.00000
    8   14.71196  477.81636    2.04333    0.51010  425.00000
    9   16.54750  477.82070    2.29826    0.50987  425.00000
   10   18.38221  477.82555    2.55308    0.50964  425.00000
   11   20.21606  477.83091    2.80779    0.50940  425.00000
   12   22.04901  477.83678    3.06236    0.50916  425.00000
   13   23.88107  477.84316    3.31681    0.50890  425.00000
   14   25.71219  477.85005    3.57114    0.50864  425.00000
   15   27.54236  477.85744    3.82533    0.50838  425.00000
   16   29.37155  477.86535    4.07938    0.50811  425.00000
   17   31.19975  477.87376    4.33330    0.50783  425.00000
   18   33.02693  477.88268    4.58707    0.50755  425.00000
   19   34.85308  477.89211    4.84070    0.50726  425.00000
   20   36.67815  477.90204    5.09419    0.50697  425.00000
   21   38.50215  477.91248    5.34752    0.50667  425.00000
   22   40.32504  477.92343    5.60070    0.50636  425.00000
   23   42.14680  477.93489    5.85372    0.50604  425.00000
   24   43.96741  477.94685    6.10658    0.50573  425.00000
   25   45.78685  477.95931    6.35928    0.50540  425.00000
   26   47.60510  477.97228    6.61182    0.50507  425.00000
   27   49.42213  477.98576    6.86418    0.50473  425.00000
   28   51.23793  477.99974    7.11638    0.50439  425.00000
   29   53.05247  478.01423    7.36840    0.50404  425.00000
   30   54.86573  478.02921    7.62024    0.50368  425.00000
   31   56.67770  478.04471    7.87190    0.50332  425.00000
   32   58.48834  478.06070    8.12338    0.50296  425.00000
   33   60.29764  478.07720    8.37467    0.50258  425.00000
   34   62.10557  478.09420    8.62577    0.50220  425.00000
   35   63.91212  478.11170    8.87668    0.50182  425.00000
   36   65.71727  478.12971    9.12740    0.50143  425.00000
   37   67.52099  478.14821    9.37791    0.50103  425.00000
   38   69.32326  478.16722    9.62823    0.50063  425.00000
   39   71.12406  478.18673    9.87834    0.50022  425.00000
   40   72.92338  478.20673   10.12825    0.49981  425.00000
   41   74.72118  478.22724   10.37794    0.49939  425.00000
   42   76.51746  478.24824   10.62743    0.49897  425.00000
   43   78.31219  478.26975   10.87669    0.49853  425.00000
   44   80.10534  478.29175   11.12574    0.49810  425.00000
   45   81.89690  478.31425   11.37457    0.49766  425.00000
   46   83.68686  478.33725   11.62317    0.49721  425.00000
   47   85.47518  478.36074   11.87155    0.49676  425.00000
   48   87.26184  478.38473   12.11970    0.49630  425.00000
   49   89.04684  478.40922   12.36762    0.49583  425.00000
   50   90.83015  478.43420   12.61530    0.49536  425.00000
   51   92.61174  478.45968   12.86274    0.49489  425.00000
   52   94.39160  478.48565   13.10994    0.49441  425.00000
   53   96.16971  478.51212   13.35690    0.49392  425.00000
   54   97.94605  478.53908   13.60362    0.49343  425.00000
   55   97.86830  478.56628    0.00000   -0.02160    0.00000
   56   97.79063  478.59345    0.00000   -0.02158    0.00000
   57   97.71303  478.62061    0.00000   -0.02155    0.00000
   58   97.63552  478.64774    0.00000   -0.02153    0.00000
   59   97.63552  478.67486    0.56691    0.00000   17.76741
   60   97.63552  478.70198    0.56691    0.00000   17.76741
   61   97.63552  478.72910    0.56691    0.00000   17.76741
   62   97.63552  478.75622    0.56691    0.00000   17.76741
   63   97.63552  478.78334    0.56691    0.00000   17.76741
   64   97.63552  478.81046    0.56691    0.00000   17.76741
   65   97.63552  478.83759    0.56691    0.00000   17.76741
   66   97.63552  478.86471    0.56691    0.00000   17.76741
   67   97.63552  478.89183    0.56691    0.00000   17.76741
   68   97.63552  478.91895    0.56691    0.00000   17.76741
   69   97.63552  478.94607    0.56691    0.00000   17.76741
   70   97.63552  478.97319    0.56691    0.00000   17.76741
   71   97.63552  479.00031    0.56691    0.00000   17.76741
   72   97.63552  479.02743    0.56691    0.00000   17.76741
   73   97.63552  479.05455    0.56691    0.00000   17.76741
   74   97.63552  479.08167    0.56691    0.00000   17.76741
   75   97.63552  479.10880    0.56691    0.00000   17.76741
   76   97.63552  479.13592    0.56691    0.00000   17.76741
   77   97.63552  479.16304    0.56691    0.00000   17.76741
   78   97.63552  479.19016    0.56691    0.00000   17.76741
   79   97.63552  479.21728    0.56691    0.00000   17.76741
   80   97.63552  479.24440    0.56691    0.00000   17.76741
   81   97.63552  479.27152    0.56691    0.00000   17.76741
   82   97.63552  479.29864    0.56691    0.00000   17.76741
   83   97.63552  479.32576    0.56691    0.00000   17.76741
   84   97.63552  479.35288    0.56691    0.00000   17.76741
   85   97.63552  479.38000    0.56691    0.00000   17.76741
   86   97.63552  479.40713    0.56691    0.00000   17.76741
   87   97.63552  479.43425    0.56691    0.00000   17.76741
   88   97.63552  479.46137    0.56691    0.00000   17.76741
   89   97.63552  479.48849    0.56691    0.00000   17.76741
   90   97.63552  479.51561    0.56691    0.00000   17.76741
   91   97.63552  479.54273    0.56691    0.00000   17.76741
   92   97.63552  479.56985    0.56691    0.00000   17.76741
   93   97.63552  479.59697    0.56691    0.00000   17.76741
   94   97.63552  479.62409    0.56691    0.00000   17.76741
   95   97.63552  479.65121    0.56691    0.00000   17.76741
   96   97.63552  479.67834   -1.37735    0.00000  -43.16760
   97   97.63552  479.70546   -1.37735    0.00000  -43.16760
   98   97.63552  479.73258   -1.37735    0.00000  -43.16760
   99   97.63552  479.75970   -1.37735    0.00000  -43.16760
  100   97.63552  479.78682   -1.37735    0.00000  -43.16760
  101   97.63552  479.81394   -1.37735    0.00000  -43.16760
  102   97.63552  479.84106   -1.37735    0.00000  -43.16760
  103   97.63552  479.86818   -1.37735    0.00000  -43.16760
  104   97.63552  479.89530   -1.37735    0.00000  -43.16760
  105   97.63552  479.92242   -1.37735    0.00000  -43.16760
  106   97.63552  479.94955   -1.37735    0.00000  -43.16760
  107   97.63552  479.97667   -1.37735    0.00000  -43.16760
  108   97.63552  480.00379   -1.37735    0.00000  -43.16760
  109   97.63552  480.03091   -1.37735    0.00000  -43.16760
  110   97.63552  480.05803   -1.37735    0.00000  -43.16760
  111   97.63552  480.08515   -1.37735    0.00000  -43.16760
  112   97.63552  480.11227   -1.37735    0.00000  -43.16760
  113   97.63552  480.13939   -1.37735    0.00000  -43.16760
  114   97.63552  480.16651   -1.37735    0.00000  -43.16760
  115   97.63552  480.19363   -1.37735    0.00000  -43.16760
  116   97.63552  480.22076   -1.37735    0.00000  -43.16760
  117   97.63552  480.24788   -1.37735    0.00000  -43.16760
  118   97.63552  480.27500   -1.37735    0.00000  -43.16760
  119   97.63552  480.30212   -1.37735    0.00000  -43.16760
  120   97.63552  480.32924   -1.37735    0.00000  -43.16760
  121   97.63552  480.35636   -1.37735    0.00000  -43.16760
  122   97.63552  480.38348   -1.37735    0.00000  -43.16760
  123   97.63552  480.41060   -1.37735    0.00000  -43.16760
  124   97.63552  480.43772   -1.37735    0.00000  -43.16760
  125   97.63552  480.46484   -1.37735    0.00000  -43.16760
  126   97.63552  480.49197   -1.37735    0.00000  -43.16760
  127   97.63552  480.51909   -1.37735    0.00000  -43.16760
  128   97.63552  480.54621   -1.37735    0.00000  -43.16760
  129   97.63552  480.57333   -1.37735    0.00000  -43.16760
  130   97.63552  480.60045   -1.37735    0.00000  -43.16760
  131   97.63552  480.62757   -1.37735    0.00000  -43.16760
  132   97.63552  480.65469   -1.37735    0.00000  -43.16760
  133   97.63552  480.68181   -1.37735    0.00000  -43.16760
  134   97.63552  480.70893   -1.37735    0.00000  -43.16760
  135   97.63552  480.73605   -1.37735    0.00000  -43.16760
  136   97.63552  480.76317   -1.37735    0.00000  -43.16760
  137   97.63552  480.79030   -1.37735    0.00000  -43.16760
  138   97.63552  480.81742   -1.37735    0.00000  -43.16760
  139   97.63552  480.84454   -1.37735    0.00000  -43.16760
  140   97.63552  480.87166   -1.37735    0.00000  -43.16760
  141   97.63552  480.89878   -1.37735    0.00000  -43.16760
  142   97.63552  480.92590   -1.37735    0.00000  -43.16760
  143   97.63552  480.95302   -1.37735    0.00000  -43.16760
  144   97.63552  480.98014   -1.37735    0.00000  -43.16760
  145   97.63552  481.00726   -1.37735    0.00000  -43.16760
  146   97.63552  481.03438   -1.37735    0.00000  -43.16760
  147   97.63552  481.06151   -1.37735    0.00000  -43.16760
  148   97.63552  481.08863   -1.37735    0.00000  -43.16760
  149   97.63552  481.11575   -1.37735    0.00000  -43.16760
  150   97.63552  481.14287   -1.37735    0.00000  -43.16760
  151   97.63552  481.16999   -1.37735    0.00000  -43.16760
  152   99.67596  481.19739   13.84388    0.56679  425.00000
  153  101.71432  481.22536   14.12699    0.56621  425.00000
  154  103.75058  481.25390   14.40980    0.56563  425.00000
  155  105.78470  481.28300   14.69232    0.56504  425.00000
  156  107.81667  481.31267   14.97454    0.56444  425.00000
  157  109.84646  481.34290   15.25645    0.56383  425.00000
  158  111.87404  481.37370   15.53806    0.56322  425.00000
  159  113.89939  481.40505   15.81936    0.56260  425.00000
  160  115.92248  481.43697   16.10034    0.56197  425.00000
  161  117.94329  481.46945   16.38101    0.56134  425.00000
  162  119.44864  481.50243   16.59009    0.41815  425.00000
  163  120.95227  481.53581   16.79893    0.41767  425.00000
  164  122.45414  481.56962   17.00752    0.41719  425.00000
  165  123.95424  481.60384   17.21587    0.41670  425.00000
  166  125.45257  481.63848   17.42397    0.41620  425.00000
  167  126.94911  481.67354   17.63182    0.41571  425.00000
  168  128.44385  481.70901   17.83942    0.41520  425.00000
  169  129.93677  481.74490   18.04677    0.41470  425.00000
  170  131.42786  481.78120   18.25387    0.41419  425.00000
  171  132.91711  481.81791   18.46071    0.41368  425.00000
  172  134.40450  481.85504   18.66729    0.41317  425.00000
  173  135.89003  481.89258   18.87362    0.41265  425.00000
  174  137.37368  481.93053   19.07968    0.41212  425.00000
  175  138.85544  481.96890   19.28548    0.41160  425.00000
  176  140.33529  482.00768   19.49101    0.41107  425.00000
  177  141.81323  482.04686   19.69628    0.41054  425.00000
  178  143.28924  482.08646   19.90128    0.41000  425.00000
  179  144.76331  482.12647   20.10601    0.40946  425.00000
  180  146.23542  482.16689   20.31047    0.40892  425.00000
  181  147.70557  482.20771   20.51466    0.40837  425.00000
  182  149.17374  482.24894   20.71857    0.40783  425.00000
  183  150.63992  482.29058   20.92221    0.40727  425.00000
  184  152.09623  482.33263   21.03474    0.40453  423.19460
  185  153.53288  482.37508   21.03012    0.39907  419.14254
  186  154.95044  482.41792   21.02569    0.39377  415.22051
  187  156.34948  482.46116   21.02144    0.38862  411.42186
  188  157.73050  482.50478   21.01735    0.38362  407.74041
  189  159.09402  482.54879   21.01343    0.37875  404.17039
  190  160.44050  482.59317   21.00965    0.37402  400.70645
  191  161.77039  482.63792   21.00602    0.36942  397.34357
  192  163.08413  482.68304   21.00252    0.36493  394.07706
  193  164.38214  482.72852   20.99915    0.36056  390.90253
  194  165.66479  482.77436   20.99589    0.35629  387.81587
  195  166.93248  482.82055   20.99275    0.35214  384.81321
  196  168.18556  482.86710   20.98972    0.34808  381.89093
  197  169.42438  482.91399   20.98679    0.34412  379.04562
  198  170.64927  482.96122   20.98395    0.34025  376.27406
  199  171.86056  483.00879   20.98121    0.33647  373.57323
  200  173.05854  483.05669   20.97856    0.33277  370.94026
  201  174.24351  483.10493   20.97598    0.32916  368.37246
  202  175.41575  483.15349   20.97349    0.32562  365.86729
  203  176.57555  483.20238   20.97108    0.32216  363.42232
  204  177.72315  483.25159   20.96873    0.31878  361.03527
  205  178.85881  483.30112   20.96646    0.31546  358.70398
  206  179.98278  483.35096   20.96425    0.31221  356.42639
  207  181.09529  483.40110   20.96211    0.30903  354.20056
  208  182.19656  483.45156   20.96003    0.30591  352.02462
  209  183.28683  483.50232   20.95800    0.30285  349.89683
  210  184.36629  483.55339   20.95603    0.29985  347.81550
  211  185.43516  483.60475   20.95412    0.29691  345.77904
  212  186.49363  483.65640   20.95225    0.29402  343.78593
  213  187.54189  483.70835   20.95044    0.29118  341.83473
  214  188.58013  483.76059   20.94867    0.28840  339.92405
  215  189.60854  483.81312   20.94695    0.28567  338.05257
  216  190.62727  483.86593   20.94527    0.28298  336.21904
  217  191.63651  483.91902   20.94363    0.28034  334.42225
  218  192.63641  483.97239   20.94204    0.27775  332.66104
  219  193.62713  484.02604   20.94048    0.27520  330.93433
  220  194.60884  484.07996   20.93896    0.27270  329.24105
  221  195.58167  484.13416   20.93748    0.27023  327.58019
  222  196.54578  484.18862   20.93603    0.26781  325.95079
  223  197.50130  484.24335   20.93462    0.26542  324.35192
  224  198.44837  484.29834   20.93324    0.26308  322.78269
  225  199.86143  484.35366   20.98168    0.39252  321.24224
  226  201.26219  484.40937   20.97935    0.38910  318.97100
  227  202.65088  484.46547   20.97708    0.38575  316.75101
  228  204.02772  484.52195   20.97488    0.38246  314.58043
  229  205.39294  484.57882   20.97274    0.37923  312.45754
  230  206.74674  484.63606   20.97065    0.37606  310.38068
  231  208.08932  484.69368   20.96862    0.37294  308.34827
  232  209.42087  484.75166   20.96664    0.36988  306.35883
  233  210.74159  484.81002   20.96472    0.36687  304.41092
  234  212.05166  484.86874   20.96284    0.36391  302.50317
  235  213.35124  484.92782   20.96101    0.36100  300.63430
  236  214.64052  484.98727   20.95923    0.35813  298.80304
  237  215.91966  485.04707   20.95749    0.35532  297.00822
  238  217.18882  485.10722   20.95579    0.35254  295.24870
  239  218.44816  485.16773   20.95413    0.34982  293.52339
  240  219.69783  485.22858   20.95251    0.34713  291.83125
  241  220.93797  485.28978   20.95093    0.34448  290.17128
  242  222.16874  485.35132   20.94939    0.34188  288.54252
  243  223.39026  485.41321   20.94788    0.33931  286.94406
  244  224.60267  485.47543   20.94640    0.33678  285.37503
  245  225.80611  485.53798   20.94496    0.33429  283.83456
  246  227.00070  485.60087   20.94355    0.33183  282.32186
  247  228.18656  485.66409   20.94217    0.32941  280.83614
  248  229.36383  485.72764   20.94082    0.32702  279.37666
  249  230.53261  485.79152   20.93949    0.32466  277.94269
  250  231.69303  485.85572   20.93820    0.32234  276.53354
  251  232.84518  485.92023   20.93693    0.32004  275.14855
  252  233.98919  485.98507   20.93569    0.31778  273.78707
  253  235.12516  486.05023   20.93447    0.31555  272.44848
  254  236.25320  486.11570   20.93328    0.31334  271.13219
  255  237.37339  486.18148   20.93211    0.31117  269.83762
  256  238.48585  486.24757   20.93097    0.30902  268.56422
  257  239.59068  486.31397   20.92985    0.30689  267.31145
  258  240.68795  486.38067   20.92875    0.30480  266.07880
  259  241.77777  486.44768   20.92767    0.30273  264.86577
  260  242.86023  486.51499   20.92661    0.30068  263.67188
  261  243.93542  486.58260   20.92557    0.29866  262.49666
  262  245.00342  486.65051   20.92455    0.29667  261.33966
  263  246.06431  486.71872   20.92354    0.29469  260.20045
  264  247.11818  486.78721   20.92256    0.29274  259.07862
  265  248.16510  486.85600   20.92159    0.29081  257.97374
  266  249.20517  486.92508   20.92065    0.28891  256.88543
  267  250.23844  486.99445   20.91971    0.28702  255.81332
  268  251.26501  487.06410   20.91880    0.28516  254.75702
  269  252.28494  487.13404   20.91790    0.28331  253.71619
  270  253.29831  487.20426   20.91702    0.28149  252.69047
  271  254.30518  487.27476   20.91615    0.27969  251.67953
  272  255.30563  487.34554   20.91529    0.27790  250.68306
  273  256.29972  487.41660   20.91445    0.27614  249.70072
  274  257.28753  487.48793   20.91363    0.27439  248.73222
  275  258.26911  487.55953   20.91281    0.27266  247.77726
  276  259.24453  487.63141   20.91202    0.27095  246.83556
  277  260.21386  487.70356   20.91123    0.26926  245.90683
  278  260.21386  487.77584    2.03824    0.00000   23.96878
  279  260.21386  487.84812    2.03824    0.00000   23.96878
  280  260.21386  487.92040    2.03824    0.00000   23.96878
  281  260.21386  487.99268    2.03824    0.00000   23.96878
  282  260.21386  488.06497    2.03824    0.00000   23.96878
  283  260.21386  488.13725    2.03824    0.00000   23.96878
  284  260.21386  488.20953    2.03824    0.00000   23.96878
  285  260.21386  488.28181    2.03824    0.00000   23.96878
  286  260.21386  488.35409    2.03824    0.00000   23.96878
  287  260.21386  488.42637    2.03824    0.00000   23.96878
  288  260.21386  488.49866    2.03824    0.00000   23.96878
  289  260.21386  488.57094    2.03824    0.00000   23.96878
  290  260.21386  488.64322    2.03824    0.00000   23.96878
  291  260.21386  488.71550    2.03824    0.00000   23.96878
  292  260.21386  488.78778    2.03824    0.00000   23.96878
  293  260.21386  488.86006    2.03824    0.00000   23.96878
  294  260.21386  488.93235    2.03824    0.00000   23.96878
  295  260.21386  489.00463    2.03824    0.00000   23.96878
  296  260.21386  489.07691    2.03824    0.00000   23.96878
  297  260.21386  489.14919    2.03824    0.00000   23.96878
  298  260.21386  489.22147    2.03824    0.00000   23.96878
  299  260.21386  489.29375    2.03824    0.00000   23.96878
  300  260.21386  489.36603    2.03824    0.00000   23.96878
  301  260.21386  489.43832    2.03824    0.00000   23.96878
  302  260.21386  489.51060    2.03824    0.00000   23.96878
  303  260.21386  489.58288    2.03824    0.00000   23.96878
  304  260.21386  489.65516    2.03824    0.00000   23.96878
  305  260.21386  489.72744    2.03824    0.00000   23.96878
  306  260.21386  489.79972    2.03824    0.00000   23.96878
  307  260.21386  489.87201    2.03824    0.00000   23.96878
  308  260.21386  489.94429    2.03824    0.00000   23.96878
  309  260.21386  490.01657    2.03824    0.00000   23.96878
  310  260.21386  490.08885    2.03824    0.00000   23.96878
  311  260.21386  490.16113    2.03824    0.00000   23.96878
  312  260.21386  490.23341    2.03824    0.00000   23.96878
  313  260.21386  490.30570    2.03824    0.00000   23.96878
  314  260.21386  490.37798    2.03824    0.00000   23.96878
  315  260.21386  490.45026    2.03824    0.00000   23.96878
  316  260.21386  490.52254    2.03824    0.00000   23.96878
  317  260.21386  490.59482    2.03824    0.00000   23.96878
  318  260.21386  490.66710    2.03824    0.00000   23.96878
  319  260.21386  490.73939    2.03824    0.00000   23.96878
  320  260.21386  490.81167    2.03824    0.00000   23.96878
  321  260.21386  490.88395    2.03824    0.00000   23.96878
  322  260.21386  490.95623    2.03824    0.00000   23.96878
  323  260.21386  491.02851    2.03824    0.00000   23.96878
  324  260.21386  491.10079    2.03824    0.00000   23.96878
  325  260.21386  491.17308    2.03824    0.00000   23.96878
  326  260.21386  491.24536    2.03824    0.00000   23.96878
  327  260.21386  491.31764    2.03824    0.00000   23.96878
  328  260.21386  491.38992    2.03824    0.00000   23.96878
  329  260.21386  491.46220    2.03824    0.00000   23.96878
  330  260.21386  491.53448    2.03824    0.00000   23.96878
  331  260.21386  491.60677    2.03824    0.00000   23.96878
  332  260.21386  491.67905    2.03824    0.00000   23.96878
  333  260.21386  491.75133    2.03824    0.00000   23.96878
  334  260.21386  491.82361    2.03824    0.00000   23.96878
  335  260.21386  491.89589    2.03824    0.00000   23.96878
  336  260.21386  491.96817    2.03824    0.00000   23.96878
  337  260.21386  492.04046    2.03824    0.00000   23.96878
  338  260.21386  492.11274    2.03824    0.00000   23.96878
  339  260.21386  492.18502    2.03824    0.00000   23.96878
  340  260.10939  492.25729    0.00000   -0.02902    0.00000
  341  260.00515  492.32952    0.00000   -0.02896    0.00000
  342  259.90113  492.40173    0.00000   -0.02890    0.00000
  343  259.79732  492.47391    0.00000   -0.02883    0.00000
  344  259.69373  492.54606    0.00000   -0.02877    0.00000
  345  259.59037  492.61819    0.00000   -0.02871    0.00000
  346  259.48722  492.69028    0.00000   -0.02865    0.00000
  347  259.38428  492.76235    0.00000   -0.02859    0.00000
  348  259.28157  492.83438    0.00000   -0.02853    0.00000
  349  259.17907  492.90639    0.00000   -0.02847    0.00000
  350  259.07678  492.97837    0.00000   -0.02841    0.00000
  351  258.97471  493.05032    0.00000   -0.02835    0.00000
  352  258.87286  493.12225    0.00000   -0.02829    0.00000
  353  258.77122  493.19414    0.00000   -0.02823    0.00000
  354  258.66979  493.26601    0.00000   -0.02817    0.00000
  355  258.56857  493.33785    0.00000   -0.02812    0.00000
  356  258.46757  493.40966    0.00000   -0.02806    0.00000
  357  258.36678  493.48144    0.00000   -0.02800    0.00000
  358  258.26620  493.55320    0.00000   -0.02794    0.00000
  359  258.16583  493.62492    0.00000   -0.02788    0.00000
  360  258.06568  493.69662    0.00000   -0.02782    0.00000
  361  257.96573  493.76829    0.00000   -0.02776    0.00000
  362  257.86599  493.83994    0.00000   -0.02771    0.00000
  363  257.76646  493.91155    0.00000   -0.02765    0.00000
  364  257.66714  493.98314    0.00000   -0.02759    0.00000
  365  257.56803  494.05470    0.00000   -0.02753    0.00000
  366  257.46912  494.12623    0.00000   -0.02747    0.00000
  367  257.37042  494.19774    0.00000   -0.02742    0.00000
  368  257.27193  494.26922    0.00000   -0.02736    0.00000
  369  257.17364  494.34067    0.00000   -0.02730    0.00000
  370  257.07556  494.41209    0.00000   -0.02724    0.00000
  371  256.97768  494.48349    0.00000   -0.02719    0.00000
  372  256.88001  494.55486    0.00000   -0.02713    0.00000
  373  256.78254  494.62620    0.00000   -0.02707    0.00000
  374  256.68528  494.69751    0.00000   -0.02702    0.00000
  375  256.58822  494.76880    0.00000   -0.02696    0.00000
  376  256.49136  494.84006    0.00000   -0.02691    0.00000
  377  256.39470  494.91130    0.00000   -0.02685    0.00000
  378  256.29825  494.98250    0.00000   -0.02679    0.00000
  379  256.20199  495.05368    0.00000   -0.02674    0.00000
  380  256.10594  495.12484    0.00000   -0.02668    0.00000
  381  256.01008  495.19596    0.00000   -0.02663    0.00000
  382  255.91443  495.26707    0.00000   -0.02657    0.00000
  383  255.81897  495.33814    0.00000   -0.02652    0.00000
  384  255.72371  495.40919    0.00000   -0.02646    0.00000
  385  255.62865  495.48021    0.00000   -0.02641    0.00000
  386  255.53379  495.55120    0.00000   -0.02635    0.00000
  387  255.43913  495.62217    0.00000   -0.02630    0.00000
  388  255.34466  495.69311    0.00000   -0.02624    0.00000
  389  255.25039  495.76403    0.00000   -0.02619    0.00000
  390  255.15631  495.83492    0.00000   -0.02613    0.00000
  391  255.06243  495.90578    0.00000   -0.02608    0.00000
  392  254.96875  495.97662    0.00000   -0.02602    0.00000
  393  254.87526  496.04743    0.00000   -0.02597    0.00000
  394  254.78196  496.11822    0.00000   -0.02592    0.00000
  395  254.68886  496.18898    0.00000   -0.02586    0.00000
  396  254.59595  496.25971    0.00000   -0.02581    0.00000
  397  254.50323  496.33042    0.00000   -0.02576    0.00000
  398  254.41070  496.40110    0.00000   -0.02570    0.00000
  399  254.31837  496.47176    0.00000   -0.02565    0.00000
  400  254.22622  496.54239    0.00000   -0.02560    0.00000
  401  254.13427  496.61300    0.00000   -0.02554    0.00000
  402  254.04251  496.68358    0.00000   -0.02549    0.00000
  403  253.95094  496.75413    0.00000   -0.02544    0.00000
  404  253.85955  496.82466    0.00000   -0.02538    0.00000
  405  253.76836  496.89516    0.00000   -0.02533    0.00000
  406  253.67735  496.96564    0.00000   -0.02528    0.00000
  407  253.58653  497.03610    0.00000   -0.02523    0.00000
  408  253.49590  497.10652    0.00000   -0.02518    0.00000
  409  253.40546  497.17693    0.00000   -0.02512    0.00000
  410  253.31521  497.24731    0.00000   -0.02507    0.00000
  411  253.22513  497.31766    0.00000   -0.02502    0.00000
  412  253.13525  497.38799    0.00000   -0.02497    0.00000
  413  253.04555  497.45829    0.00000   -0.02492    0.00000
  414  252.95604  497.52857    0.00000   -0.02487    0.00000
  415  252.86671  497.59882    0.00000   -0.02481    0.00000
  416  252.77756  497.66905    0.00000   -0.02476    0.00000
  417  252.68860  497.73925    0.00000   -0.02471    0.00000
  418  252.59982  497.80943    0.00000   -0.02466    0.00000
  419  252.51123  497.87959    0.00000   -0.02461    0.00000
  420  252.42281  497.94971    0.00000   -0.02456    0.00000
  421  252.33458  498.01982    0.00000   -0.02451    0.00000
  422  252.24653  498.08990    0.00000   -0.02446    0.00000
  423  252.15866  498.15996    0.00000   -0.02441    0.00000
  424  252.07097  498.22999    0.00000   -0.02436    0.00000
  425  251.98346  498.30000    0.00000   -0.02431    0.00000
  426  251.66941  498.36995    0.00000   -0.08724    0.00000
  427  251.35599  498.43981    0.00000   -0.08706    0.00000
  428  251.04323  498.50959    0.00000   -0.08688    0.00000
  429  250.73110  498.57928    0.00000   -0.08670    0.00000
  430  250.41961  498.64889    0.00000   -0.08652    0.00000
  431  250.10875  498.71840    0.00000   -0.08635    0.00000
  432  249.79854  498.78784    0.00000   -0.08617    0.00000
  433  249.48895  498.85718    0.00000   -0.08600    0.00000
  434  249.18000  498.92644    0.00000   -0.08582    0.00000
  435  248.87167  498.99561    0.00000   -0.08565    0.00000
  436  248.35738  499.06467    0.00000   -0.14286    0.00000
  437  247.84412  499.13359    0.00000   -0.14257    0.00000
  438  247.33191  499.20236    0.00000   -0.14228    0.00000
  439  246.82074  499.27100    0.00000   -0.14199    0.00000
  440  246.31060  499.33949    0.00000   -0.14171    0.00000
  441  245.80149  499.40784    0.00000   -0.14142    0.00000
  442  245.29340  499.47604    0.00000   -0.14113    0.00000
  443  244.78634  499.54411    0.00000   -0.14085    0.00000
  444  244.28029  499.61204    0.00000   -0.14057    0.00000
  445  243.77526  499.67982    0.00000   -0.14029    0.00000
  446  243.27124  499.74747    0.00000   -0.14001    0.00000
  447  242.76822  499.81497    0.00000   -0.13973    0.00000
  448  242.26621  499.88234    0.00000   -0.13945    0.00000
  449  241.76520  499.94957    0.00000   -0.13917    0.00000
  450  241.26518  500.01665    0.00000   -0.13889    0.00000
  451  240.76616  500.08360    0.00000   -0.13862    0.00000
  452  240.26812  500.15041    0.00000   -0.13834    0.00000
  453  239.77106  500.21708    0.00000   -0.13807    0.00000
  454  239.27499  500.28362    0.00000   -0.13780    0.00000
  455  238.77990  500.35002    0.00000   -0.13753    0.00000
  456  238.28578  500.41627    0.00000   -0.13726    0.00000
  457  237.79262  500.48240    0.00000   -0.13699    0.00000
  458  237.30044  500.54838    0.00000   -0.13672    0.00000
  459  236.80922  500.61423    0.00000   -0.13645    0.00000
  460  236.31896  500.67994    0.00000   -0.13618    0.00000
  461  235.82965  500.74552    0.00000   -0.13592    0.00000
  462  235.34130  500.81096    0.00000   -0.13565    0.00000
  463  234.85389  500.87626    0.00000   -0.13539    0.00000
  464  234.36744  500.94143    0.00000   -0.13513    0.00000
  465  233.88192  501.00647    0.00000   -0.13487    0.00000
  466  233.39734  501.07137    0.00000   -0.13460    0.00000
  467  232.91370  501.13613    0.00000   -0.13435    0.00000
  468  232.43099  501.20076    0.00000   -0.13409    0.00000
  469  231.94921  501.26526    0.00000   -0.13383    0.00000
  470  231.46835  501.32963    0.00000   -0.13357    0.00000
  471  230.98842  501.39386    0.00000   -0.13332    0.00000
  472  230.50940  501.45795    0.00000   -0.13306    0.00000
  473  230.03130  501.52192    0.00000   -0.13281    0.00000
  474  229.55411  501.58575    0.00000   -0.13255    0.00000
  475  229.07783  501.64945    0.00000   -0.13230    0.00000
  476  228.60246  501.71301    0.00000   -0.13205    0.00000
  477  228.12799  501.77645    0.00000   -0.13180    0.00000
  478  227.65442  501.83975    0.00000   -0.13155    0.00000
  479  227.18174  501.90292    0.00000   -0.13130    0.00000
  480  225.27374  501.96576   -0.02122   -0.53000   -0.39895
  481  223.36574  502.02807   -0.02109   -0.53000   -0.39995
  482  221.45774  502.08986   -0.02096   -0.53000   -0.40094
  483  219.54974  502.15111   -0.02083   -0.53000   -0.40192
  484  217.64174  502.21183   -0.02070   -0.53000   -0.40289
  485  215.73374  502.27202   -0.02057   -0.53000   -0.40386
  486  213.82574  502.33168   -0.02044   -0.53000   -0.40483
  487  211.91774  502.39081   -0.02030   -0.53000   -0.40578
  488  210.00974  502.44941   -0.02017   -0.53000   -0.40673
  489  208.10174  502.50748   -0.02003   -0.53000   -0.40767
  490  206.19374  502.56502   -0.01989   -0.53000   -0.40861
  491  204.28574  502.62204   -0.01975   -0.53000   -0.40954
  492  202.37774  502.67852   -0.01961   -0.53000   -0.41046
  493  200.46974  502.73447   -0.01947   -0.53000   -0.41137
  494  198.56174  502.78989   -0.01933   -0.53000   -0.41228
  495  196.65374  502.84478   -0.01918   -0.53000   -0.41318
  496  194.74574  502.89914   -0.01904   -0.53000   -0.41407
  497  192.83774  502.95297   -0.01889   -0.53000   -0.41496
  498  190.92974  503.00627   -0.01875   -0.53000   -0.41584
  499  189.02174  503.05904   -0.01860   -0.53000   -0.41672
  500  187.11374  503.11128   -0.01845   -0.53000   -0.41758
  501  185.20574  503.16300   -0.01830   -0.53000   -0.41844
  502  183.29774  503.21418   -0.01815   -0.53000   -0.41930
  503  181.38974  503.26483   -0.01799   -0.53000   -0.42014
  504  179.48174  503.31495   -0.01784   -0.53000   -0.42098
  505  177.57374  503.36454   -0.01769   -0.53000   -0.42181
  506  175.66574  503.41360   -0.01753   -0.53000   -0.42264
  507  173.75774  503.46213   -0.01737   -0.53000   -0.42346
  508  171.84974  503.51013   -0.01722   -0.53000   -0.42427
  509  169.94174  503.55760   -0.01706   -0.53000   -0.42508
  510  168.03374  503.60454   -0.01690   -0.53000   -0.42587
  511  166.12574  503.65096   -0.01674   -0.53000   -0.42667
  512  164.21774  503.69684   -0.01657   -0.53000   -0.42745
  513  162.30974  503.74219   -0.01641   -0.53000   -0.42823
  514  160.40174  503.78701   -0.01625   -0.53000   -0.42900
  515  158.49374  503.83130   -0.01608   -0.53000   -0.42976
  516  156.58574  503.87506   -0.01592   -0.53000   -0.43052
  517  154.67774  503.91829   -0.01575   -0.53000   -0.43127
  518  152.76974  503.96099   -0.01558   -0.53000   -0.43202
  519  150.86174  504.00316   -0.01541   -0.53000   -0.43275
  520  148.95374  504.04481   -0.01525   -0.53000   -0.43348
  521  147.04574  504.08592   -0.01508   -0.53000   -0.43421
  522  145.13774  504.12650   -0.01490   -0.53000   -0.43492
  523  143.22974  504.16655   -0.01473   -0.53000   -0.43563
  524  141.32174  504.20607   -0.01456   -0.53000   -0.43634
  525  139.41374  504.24506   -0.01439   -0.53000   -0.43703
  526  137.50574  504.28352   -0.01421   -0.53000   -0.43772
  527  135.59774  504.32145   -0.01404   -0.53000   -0.43840
  528  133.68974  504.35885   -0.01386   -0.53000   -0.43908
  529  131.78174  504.39572   -0.01368   -0.53000   -0.43975
  530  129.87374  504.43207   -0.01351   -0.53000   -0.44041
  531  127.96574  504.46788   -0.01333   -0.53000   -0.44107
  532  126.05774  504.50316   -0.01315   -0.53000   -0.44171
  533  124.14974  504.53791   -0.01297   -0.53000   -0.44236
  534  122.24174  504.57213   -0.01279   -0.53000   -0.44299
  535  120.33374  504.60582   -0.01260   -0.53000   -0.44362
  536  118.42654  504.63898   -0.01242   -0.52978   -0.44402
  537  116.52155  504.67161   -0.01222   -0.52916   -0.44402
  538  114.61874  504.70372   -0.01202   -0.52856   -0.44402
  539  112.71808  504.73529   -0.01182   -0.52796   -0.44402
  540  110.81956  504.76634   -0.01162   -0.52737   -0.44402
  541  108.92314  504.79686   -0.01142   -0.52678   -0.44402
  542  107.02879  504.82685   -0.01122   -0.52621   -0.44402
  543  105.13649  504.85632   -0.01102   -0.52564   -0.44402
  544  103.24622  504.88526   -0.01082   -0.52508   -0.44402
  545  101.35794  504.91368   -0.01063   -0.52452   -0.44402
  546   99.47163  504.94157   -0.01043   -0.52397   -0.44402
  547   97.58727  504.96894   -0.01023   -0.52343   -0.44402
  548   95.70482  504.99579   -0.01003   -0.52290   -0.44402
  549   93.82426  505.02211   -0.00984   -0.52238   -0.44402
  550   91.94558  505.04791   -0.00964   -0.52186   -0.44402
  551   90.06873  505.07319   -0.00944   -0.52135   -0.44402
  552   88.19370  505.09795   -0.00925   -0.52084   -0.44402
  553   86.32045  505.12219   -0.00905   -0.52035   -0.44402
  554   84.44898  505.14591   -0.00885   -0.51986   -0.44402
  555   82.57924  505.16910   -0.00866   -0.51937   -0.44402
  556   80.71121  505.19178   -0.00846   -0.51890   -0.44402
  557   78.84487  505.21394   -0.00827   -0.51843   -0.44402
  558   76.98020  505.23559   -0.00807   -0.51797   -0.44402
  559   75.11716  505.25671   -0.00788   -0.51751   -0.44402
  560   73.25574  505.27732   -0.00768   -0.51706   -0.44402
  561   71.39590  505.29741   -0.00748   -0.51662   -0.44402
  562   69.53763  505.31698   -0.00729   -0.51619   -0.44402
  563   67.68090  505.33604   -0.00710   -0.51576   -0.44402
  564   65.82569  505.35458   -0.00690   -0.51534   -0.44402
  565   63.97196  505.37261   -0.00671   -0.51492   -0.44402
  566   62.11970  505.39012   -0.00651   -0.51452   -0.44402
  567   60.26888  505.40712   -0.00632   -0.51412   -0.44402
  568   58.41948  505.42361   -0.00612   -0.51372   -0.44402
  569   56.57147  505.43958   -0.00593   -0.51334   -0.44402
  570   54.72483  505.45504   -0.00574   -0.51296   -0.44402
  571   52.87954  505.46998   -0.00554   -0.51258   -0.44402
  572   51.03556  505.48441   -0.00535   -0.51221   -0.44402
  573   49.19289  505.49833   -0.00516   -0.51185   -0.44402
  574   47.35148  505.51174   -0.00496   -0.51150   -0.44402
  575   45.51133  505.52464   -0.00477   -0.51115   -0.44402
  576   43.67240  505.53703   -0.00458   -0.51081   -0.44402
  577   41.83467  505.54890   -0.00439   -0.51048   -0.44402
  578   39.99812  505.56027   -0.00419   -0.51015   -0.44402
  579   38.16273  505.57112   -0.00400   -0.50983   -0.44402
  580   36.32847  505.58147   -0.00381   -0.50952   -0.44402
  581   34.49531  505.59131   -0.00362   -0.50921   -0.44402
  582   32.66324  505.60063   -0.00342   -0.50891   -0.44402
  583   30.83223  505.60945   -0.00323   -0.50861   -0.44402
  584   29.00226  505.61776   -0.00304   -0.50833   -0.44402
  585   27.17331  505.62557   -0.00285   -0.50804   -0.44402
  586   25.34534  505.63286   -0.00266   -0.50777   -0.44402
  587   23.51834  505.63965   -0.00247   -0.50750   -0.44402
  588   21.69229  505.64593   -0.00227   -0.50724   -0.44402
  589   19.86716  505.65170   -0.00208   -0.50698   -0.44402
  590   18.04293  505.65696   -0.00189   -0.50673   -0.44402
  591   16.21958  505.66172   -0.00170   -0.50649   -0.44402
  592   14.39708  505.66597   -0.00151   -0.50625   -0.44402
  593   12.57541  505.66972   -0.00132   -0.50602   -0.44402
  594   10.75455  505.67296   -0.00113   -0.50579   -0.44402
  595    8.93448  505.67570   -0.00094   -0.50558   -0.44402
  596    7.11516  505.67792   -0.00075   -0.50536   -0.44402
  597    5.29659  505.67965   -0.00056   -0.50516   -0.44402
  598    3.47874  505.68087   -0.00036   -0.50496   -0.44402
  599    1.66157  505.68158   -0.00017   -0.50477   -0.44402
  600   -0.15492  505.68179    0.00002   -0.50458   -0.44402
