    0    0.00000  401.49000    0.00000    0.00000    0.00000
    1    1.84146  401.49026    0.25576    0.51152  425.00000
    2    3.68227  401.49102    0.51143    0.51133  425.00000
    3    5.52239  401.49230    0.76700    0.51114  425.00000
    4    7.36180  401.49409    1.02247    0.51095  425.00000
    5    9.20049  401.49639    1.27785    0.51075  425.00000
    6   11.03843  401.49920    1.53311    0.51054  425.00000
    7   12.87559  401.50252    1.78828    0.51032  425.00000
    8   14.71196  401.50636    2.04333    0.51010  425.00000
    9   16.54750  401.51070    2.29826    0.50987  425.00000
   10   18.38221  401.51555    2.55308    0.50964  425.00000
   11   20.21606  401.52091    2.80779    0.50940  425.00000
   12   22.04901  401.52678    3.06236    0.50916  425.00000
   13   23.88107  401.53316    3.31681    0.50890  425.00000
   14   25.71219  401.54005    3.57114    0.50864  425.00000
   15   27.54236  401.54744    3.82533    0.50838  425.00000
   16   29.37155  401.55535    4.07938    0.50811  425.00000
   17   31.19975  401.56376    4.33330    0.50783  425.00000
   18   33.02693  401.57268    4.58707    0.50755  425.00000
   19   34.85308  401.58211    4.84070    0.50726  425.00000
   20   36.67815  401.59204    5.09419    0.50697  425.00000
   21   38.50215  401.60248    5.34752    0.50667  425.00000
   22   40.32504  401.61343    5.60070    0.50636  425.00000
   23   42.14680  401.62489    5.85372    0.50604  425.00000
   24   43.96741  401.63685    6.10658    0.50573  425.00000
   25   45.78685  401.64931    6.35928    0.50540  425.00000
   26   47.60510  401.66228    6.61182    0.50507  425.00000
   27   49.42213  401.67576    6.86418    0.50473  425.00000
   28   51.23793  401.68974    7.11638    0.50439  425.00000
   29   53.05247  401.70423    7.36840    0.50404  425.00000
   30   54.86573  401.71921    7.62024    0.50368  425.00000
   31   56.67770  401.73471    7.87190    0.50332  425.00000
   32   58.48834  401.75070    8.12338    0.50296  425.00000
   33   60.29764  401.76720    8.37467    0.50258  425.00000
   34   62.10557  401.78420    8.62577    0.50220  425.00000
   35   63.91212  401.80170    8.87668    0.50182  425.00000
   36   65.71727  401.81971    9.12740    0.50143  425.00000
   37   67.52099  401.83821    9.37791    0.50103  425.00000
   38   69.32326  401.85722    9.62823    0.50063  425.00000
   39   71.12406  401.87673    9.87834    0.50022  425.00000
   40   72.92338  401.89673   10.12825    0.49981  425.00000
   41   74.72118  401.91724   10.37794    0.49939  425.00000
   42   76.51746  401.93824   10.62743    0.49897  425.00000
   43   78.31219  401.95975   10.87669    0.49853  425.00000
   44   80.10534  401.98175   11.12574    0.49810  425.00000
   45   81.89690  402.00425   11.37457    0.49766  425.00000
   46   83.68686  402.02725   11.62317    0.49721  425.00000
   47   85.47518  402.05074   11.87155    0.49676  425.00000
   48   87.26184  402.07473   12.11970    0.49630  425.00000
   49   89.04684  402.09922   12.36762    0.49583  425.00000
   50   90.83015  402.12420   12.61530    0.49536  425.00000
   51   92.61174  402.14968   12.86274    0.49489  425.00000
   52   94.39160  402.17565   13.10994    0.49441  425.00000
   53   96.16971  402.20212   13.35690    0.49392  425.00000
   54   97.94605  402.22908   13.60362    0.49343  425.00000
   55   99.72060  402.25654   13.85008    0.49293  425.00000
   56  101.49334  402.28448   14.09630    0.49243  425.00000
   57  103.26425  402.31292   14.34226    0.49192  425.00000
   58  105.03331  402.34185   14.58796    0.49141  425.00000
   59  106.80050  402.37127   14.83340    0.49089  425.00000
   60  108.56581  402.40118   15.07858    0.49036  425.00000
   61  110.32921  402.43159   15.32350    0.48983  425.00000
   62  112.09069  402.46248   15.56815    0.48930  425.00000
   63  113.85022  402.49386   15.81253    0.48876  425.00000
   64  115.60779  402.52573   16.05664    0.48821  425.00000
   65  117.36337  402.55809   16.30047    0.48766  425.00000
   66  119.11696  402.59093   16.54402    0.48711  425.00000
   67  120.86853  402.62426   16.78730    0.48655  425.00000
   68  122.61807  402.65808   17.03029    0.48598  425.00000
   69  124.36554  402.69238   17.27299    0.48541  425.00000
   70  126.11095  402.72717   17.51541    0.48483  425.00000
   71  127.85426  402.76244   17.75754    0.48425  425.00000
   72  129.59546  402.79820   17.99937    0.48367  425.00000
   73  131.33454  402.83444   18.24091    0.48308  425.00000
   74  133.07147  402.87116   18.48215    0.48248  425.00000
   75  134.80624  402.90837   18.72309    0.48188  425.00000
   76  136.53883  402.94606   18.96373    0.48127  425.00000
   77  138.26922  402.98422   19.20406    0.48066  425.00000
   78  139.81551  403.02285   19.41882    0.42953  425.00000
   79  141.35981  403.06190   19.63331    0.42897  425.00000
   80  142.90210  403.10138   19.84751    0.42841  425.00000
   81  144.44237  403.14129   20.06144    0.42785  425.00000
   82  145.98059  403.18162   20.27508    0.42729  425.00000
   83  147.51677  403.22239   20.48844    0.42672  425.00000
   84  149.05088  403.26358   20.70151    0.42614  425.00000
   85  150.58292  403.30519   20.91429    0.42557  425.00000
   86  152.10569  403.34723   21.04401    0.42299  423.35479
   87  153.60790  403.38969   21.03909    0.41728  419.11646
   88  155.09017  403.43257   21.03437    0.41174  415.01771
   89  156.55308  403.47585   21.02985    0.40636  411.05120
   90  157.99720  403.51954   21.02551    0.40114  407.21013
   91  159.42305  403.56363   21.02134    0.39607  403.48817
   92  160.83114  403.60811   21.01734    0.39114  399.87945
   93  162.22195  403.65297   21.01349    0.38634  396.37847
   94  163.59595  403.69823   21.00979    0.38167  392.98010
   95  164.95356  403.74386   21.00622    0.37712  389.67958
   96  166.29522  403.78987   21.00278    0.37268  386.47240
   97  167.62130  403.83624   20.99946    0.36836  383.35438
   98  168.93221  403.88299   20.99626    0.36414  380.32158
   99  170.22831  403.93009   20.99317    0.36003  377.37030
  100  171.50994  403.97756   20.99019    0.35601  374.49706
  101  172.77744  404.02537   20.98730    0.35208  371.69858
  102  174.03114  404.07354   20.98450    0.34825  368.97178
  103  175.27134  404.12206   20.98180    0.34450  366.31376
  104  176.49835  404.17091   20.97918    0.34084  363.72176
  105  177.71244  404.22011   20.97664    0.33725  361.19318
  106  178.91391  404.26964   20.97418    0.33374  358.72558
  107  180.10300  404.31950   20.97180    0.33030  356.31663
  108  181.27998  404.36970   20.96948    0.32694  353.96413
  109  182.44509  404.42021   20.96723    0.32364  351.66598
  110  183.59857  404.47105   20.96505    0.32041  349.42021
  111  184.74065  404.52221   20.96293    0.31724  347.22493
  112  185.87155  404.57368   20.96087    0.31414  345.07836
  113  186.99149  404.62547   20.95886    0.31109  342.97879
  114  188.10067  404.67757   20.95691    0.30811  340.92460
  115  189.19929  404.72997   20.95501    0.30517  338.91426
  116  190.28755  404.78268   20.95316    0.30229  336.94629
  117  191.36564  404.83568   20.95137    0.29947  335.01928
  118  192.43372  404.88899   20.94961    0.29669  333.13191
  119  193.49199  404.94259   20.94790    0.29396  331.28289
  120  194.54061  404.99648   20.94624    0.29128  329.47100
  121  195.57975  405.05067   20.94461    0.28865  327.69508
  122  196.60956  405.10514   20.94303    0.28606  325.95400
  123  197.63020  405.15989   20.94148    0.28351  324.24670
  124  198.64183  405.21493   20.93997    0.28101  322.57216
  125  199.64459  405.27025   20.93850    0.27854  320.92939
  126  201.11114  405.32591   20.98637    0.40738  319.31745
  127  202.56505  405.38198   20.98395    0.40386  316.98890
  128  204.00655  405.43844   20.98159    0.40042  314.71372
  129  205.43587  405.49531   20.97930    0.39703  312.48997
  130  206.85323  405.55257   20.97707    0.39371  310.31582
  131  208.25885  405.61023   20.97490    0.39045  308.18953
  132  209.65294  405.66827   20.97279    0.38725  306.10944
  133  211.03571  405.72670   20.97074    0.38410  304.07396
  134  212.40733  405.78551   20.96874    0.38101  302.08158
  135  213.76801  405.84470   20.96679    0.37797  300.13088
  136  215.11793  405.90427   20.96489    0.37498  298.22049
  137  216.45726  405.96421   20.96304    0.37204  296.34908
  138  217.78617  406.02452   20.96124    0.36914  294.51542
  139  219.10483  406.08520   20.95948    0.36630  292.71831
  140  220.41341  406.14625   20.95776    0.36349  290.95661
  141  221.71205  406.20765   20.95608    0.36073  289.22923
  142  223.00091  406.26942   20.95444    0.35802  287.53511
  143  224.28015  406.33154   20.95284    0.35534  285.87327
  144  225.54989  406.39402   20.95128    0.35271  284.24273
  145  226.81028  406.45684   20.94975    0.35011  282.64257
  146  227.77080  406.51998   20.92156    0.26681  281.07192
  147  228.72435  406.58338   20.92055    0.26487  279.88662
  148  229.67100  406.64705   20.91956    0.26296  278.71978
  149  230.61085  406.71098   20.91859    0.26107  277.57095
  150  231.54398  406.77516   20.91763    0.25920  276.43972
  151  232.47047  406.83961   20.91669    0.25736  275.32566
  152  233.39039  406.90431   20.91577    0.25553  274.22838
  153  234.30384  406.96927   20.91487    0.25373  273.14749
  154  235.21087  407.03448   20.91398    0.25195  272.08261
  155  236.11158  407.09994   20.91311    0.25020  271.03339
  156  237.00603  407.16565   20.91226    0.24846  269.99946
  157  237.89429  407.23161   20.91141    0.24674  268.98050
  158  238.77644  407.29782   20.91059    0.24504  267.97616
  159  239.65255  407.36427   20.90977    0.24336  266.98614
  160  240.52267  407.43096   20.90897    0.24170  266.01011
  161  241.38689  407.49789   20.90819    0.24006  265.04778
  162  242.24526  407.56506   20.90742    0.23844  264.09885
  163  243.09784  407.63247   20.90666    0.23683  263.16305
  164  243.94471  407.70011   20.90591    0.23524  262.24009
  165  244.78591  407.76799   20.90517    0.23367  261.32971
  166  245.62152  407.83610   20.90445    0.23211  260.43166
  167  246.45158  407.90445   20.90374    0.23057  259.54567
  168  247.27617  407.97302   20.90304    0.22905  258.67150
  169  248.09533  408.04182   20.90235    0.22754  257.80891
  170  248.90912  408.11085   20.90167    0.22605  256.95768
  171  249.71760  408.18010   20.90100    0.22458  256.11757
  172  250.52081  408.24958   20.90034    0.22312  255.28838
  173  251.31882  408.31928   20.89970    0.22167  254.46987
  174  251.31882  408.38909    5.89250    0.00000   71.74576
  175  251.31882  408.45890    5.89250    0.00000   71.74576
  176  251.31882  408.52871    5.89250    0.00000   71.74576
  177  251.31882  408.59853    5.89250    0.00000   71.74576
  178  251.31882  408.66834    5.89250    0.00000   71.74576
  179  251.31882  408.73815    5.89250    0.00000   71.74576
  180  251.31882  408.80796    5.89250    0.00000   71.74576
  181  251.31882  408.87777    5.89250    0.00000   71.74576
  182  251.31882  408.94758    5.89250    0.00000   71.74576
  183  251.31882  409.01739    5.89250    0.00000   71.74576
  184  251.31882  409.08720    5.89250    0.00000   71.74576
  185  251.31882  409.15701    5.89250    0.00000   71.74576
  186  251.31882  409.22682    5.89250    0.00000   71.74576
  187  251.31882  409.29663    5.89250    0.00000   71.74576
  188  251.31882  409.36644    5.89250    0.00000   71.74576
  189  251.31882  409.43625    5.89250    0.00000   71.74576
  190  251.31882  409.50607    5.89250    0.00000   71.74576
  191  251.31882  409.57588    5.89250    0.00000   71.74576
  192  251.31882  409.64569    5.89250    0.00000   71.74576
  193  251.31882  409.71550    5.89250    0.00000   71.74576
  194  251.31882  409.78531    5.89250    0.00000   71.74576
  195  251.31882  409.85512    5.89250    0.00000   71.74576
  196  251.31882  409.92493    5.89250    0.00000   71.74576
  197  251.31882  409.99474    5.89250    0.00000   71.74576
  198  251.31882  410.06455    5.89250    0.00000   71.74576
  199  251.31882  410.13436    5.89250    0.00000   71.74576
  200  251.31882  410.20417    5.89250    0.00000   71.74576
  201  251.31882  410.27398    5.89250    0.00000   71.74576
  202  251.31882  410.34380    5.89250    0.00000   71.74576
  203  251.31882  410.41361    5.89250    0.00000   71.74576
  204  251.31882  410.48342    5.89250    0.00000   71.74576
  205  251.31882  410.55323    5.89250    0.00000   71.74576
  206  251.31882  410.62304    5.89250    0.00000   71.74576
  207  251.31882  410.69285    5.89250    0.00000   71.74576
  208  251.31882  410.76266    5.89250    0.00000   71.74576
  209  251.31882  410.83247    5.89250    0.00000   71.74576
  210  251.31882  410.90228    5.89250    0.00000   71.74576
  211  251.31882  410.97209    5.89250    0.00000   71.74576
  212  251.31882  411.04190    5.89250    0.00000   71.74576
  213  251.31882  411.11171    5.89250    0.00000   71.74576
  214  251.31882  411.18152    5.89250    0.00000   71.74576
  215  251.31882  411.25134    5.89250    0.00000   71.74576
  216  251.31882  411.32115    5.89250    0.00000   71.74576
  217  251.31882  411.39096    5.89250    0.00000   71.74576
  218  251.31882  411.46077    5.89250    0.00000   71.74576
  219  251.31882  411.53058    5.89250    0.00000   71.74576
  220  251.31882  411.60039    5.89250    0.00000   71.74576
  221  251.31882  411.67020    5.89250    0.00000   71.74576
  222  251.31882  411.74001    5.89250    0.00000   71.74576
  223  251.31882  411.80982    5.89250    0.00000   71.74576
  224  251.31882  411.87963    5.89250    0.00000   71.74576
  225  251.31882  411.94944    5.89250    0.00000   71.74576
  226  251.31882  412.01925    5.89250    0.00000   71.74576
  227  251.31882  412.08906    5.89250    0.00000   71.74576
  228  251.31882  412.15888    5.89250    0.00000   71.74576
  229  251.31882  412.22869    5.89250    0.00000   71.74576
  230  251.31882  412.29850    5.89250    0.00000   71.74576
  231  251.31882  412.36831    5.89250    0.00000   71.74576
  232  251.31882  412.43812    5.89250    0.00000   71.74576
  233  251.31882  412.50793    5.89250    0.00000   71.74576
  234  251.31882  412.57774    5.89250    0.00000   71.74576
  235  251.31882  412.64755    5.89250    0.00000   71.74576
  236  251.31882  412.71736    5.89250    0.00000   71.74576
  237  251.31882  412.78717    5.89250    0.00000   71.74576
  238  251.31882  412.85698    5.89250    0.00000   71.74576
  239  251.31882  412.92679    5.89250    0.00000   71.74576
  240  251.31882  412.99660    5.89250    0.00000   71.74576
  241  251.31882  413.06642    5.89250    0.00000   71.74576
  242  251.31882  413.13623    5.89250    0.00000   71.74576
  243  251.31882  413.20604    5.89250    0.00000   71.74576
  244  251.31882  413.27585    5.89250    0.00000   71.74576
  245  251.31882  413.34566    5.89250    0.00000   71.74576
  246  251.31882  413.41547    5.89250    0.00000   71.74576
  247  251.31882  413.48528    5.89250    0.00000   71.74576
  248  251.31882  413.55509    5.89250    0.00000   71.74576
  249  251.31882  413.62490    5.89250    0.00000   71.74576
  250  251.31882  413.69471    5.89250    0.00000   71.74576
  251  251.31882  413.76452    5.89250    0.00000   71.74576
  252  251.31882  413.83433    5.89250    0.00000   71.74576
  253  251.31882  413.90415    5.89250    0.00000   71.74576
  254  251.31882  413.97396    5.89250    0.00000   71.74576
  255  251.31882  414.04377    5.89250    0.00000   71.74576
  256  251.31882  414.11358    5.89250    0.00000   71.74576
  257  251.31882  414.18339    5.89250    0.00000   71.74576
  258  251.31882  414.25320    5.89250    0.00000   71.74576
  259  251.31882  414.32301    5.89250    0.00000   71.74576
  260  251.31882  414.39282    5.89250    0.00000   71.74576
  261  251.31882  414.46263    5.89250    0.00000   71.74576
  262  251.31882  414.53244    5.89250    0.00000   71.74576
  263  251.31882  414.60225    5.89250    0.00000   71.74576
  264  251.31882  414.67206    5.89250    0.00000   71.74576
  265  251.31882  414.74187    5.89250    0.00000   71.74576
  266  251.31882  414.81169    5.89250    0.00000   71.74576
  267  251.31882  414.88150    5.89250    0.00000   71.74576
  268  251.31882  414.95131    5.89250    0.00000   71.74576
  269  251.31882  415.02112    5.89250    0.00000   71.74576
  270  251.31882  415.09093    5.89250    0.00000   71.74576
  271  251.31882  415.16074    5.89250    0.00000   71.74576
  272  251.31882  415.23055    5.89250    0.00000   71.74576
  273  251.31882  415.30036    5.89250    0.00000   71.74576
  274  251.31882  415.37017    5.89250    0.00000   71.74576
  275  251.31882  415.43998    5.89250    0.00000   71.74576
  276  251.31882  415.50979    5.89250    0.00000   71.74576
  277  251.31882  415.57960    5.89250    0.00000   71.74576
  278  251.31882  415.64941    5.89250    0.00000   71.74576
  279  251.31882  415.71923    5.89250    0.00000   71.74576
  280  251.31882  415.78904    5.89250    0.00000   71.74576
  281  251.31882  415.85885    5.89250    0.00000   71.74576
  282  251.31882  415.92866    5.89250    0.00000   71.74576
  283  251.31882  415.99847    5.89250    0.00000   71.74576
  284  251.31882  416.06828    5.89250    0.00000   71.74576
  285  251.31882  416.13809    5.89250    0.00000   71.74576
  286  251.31882  416.20790    5.89250    0.00000   71.74576
  287  251.31882  416.27771    5.89250    0.00000   71.74576
  288  251.31882  416.34752    5.89250    0.00000   71.74576
  289  251.31882  416.41733    5.89250    0.00000   71.74576
  290  251.31882  416.48714    5.89250    0.00000   71.74576
  291  251.31882  416.55695    5.89250    0.00000   71.74576
  292  251.31882  416.62677    5.89250    0.00000   71.74576
  293  251.31882  416.69658    5.89250    0.00000   71.74576
  294  251.31882  416.76639    5.89250    0.00000   71.74576
  295  251.31882  416.83620    5.89250    0.00000   71.74576
  296  251.31882  416.90601    5.89250    0.00000   71.74576
  297  251.31882  416.97582    5.89250    0.00000   71.74576
  298  251.31882  417.04563    5.89250    0.00000   71.74576
  299  251.31882  417.11544    5.89250    0.00000   71.74576
  300  251.31882  417.18525    5.89250    0.00000   71.74576
  301  251.31882  417.25506    5.89250    0.00000   71.74576
  302  251.31882  417.32487    5.89250    0.00000   71.74576
  303  251.31882  417.39468    5.89250    0.00000   71.74576
  304  251.31882  417.46450    5.89250    0.00000   71.74576
  305  251.31882  417.53431    5.89250    0.00000   71.74576
  306  251.31882  417.60412    5.89250    0.00000   71.74576
  307  251.31882  417.67393    5.89250    0.00000   71.74576
  308  251.31882  417.74374    5.89250    0.00000   71.74576
  309  251.31882  417.81355    5.89250    0.00000   71.74576
  310  251.31882  417.88336    5.89250    0.00000   71.74576
  311  251.31882  417.95317    5.89250    0.00000   71.74576
  312  251.31882  418.02298    5.89250    0.00000   71.74576
  313  251.31882  418.09279    5.89250    0.00000   71.74576
  314  251.31882  418.16260    5.89250    0.00000   71.74576
  315  251.31882  418.23241    5.89250    0.00000   71.74576
  316  251.31882  418.30222    5.89250    0.00000   71.74576
  317  251.31882  418.37204    5.89250    0.00000   71.74576
  318  251.31882  418.44185    5.89250    0.00000   71.74576
  319  251.31882  418.51166    5.89250    0.00000   71.74576
  320  251.00613  418.58142    0.00000   -0.08686    0.00000
  321  250.39460  418.65106    0.00000   -0.16987    0.00000
  322  249.78432  418.72053    0.00000   -0.16952    0.00000
  323  249.17528  418.78983    0.00000   -0.16918    0.00000
  324  248.56749  418.85896    0.00000   -0.16883    0.00000
  325  247.96093  418.92793    0.00000   -0.16849    0.00000
  326  247.35560  418.99672    0.00000   -0.16815    0.00000
  327  246.75150  419.06535    0.00000   -0.16781    0.00000
  328  246.14862  419.13380    0.00000   -0.16747    0.00000
  329  245.54695  419.20209    0.00000   -0.16713    0.00000
  330  244.94649  419.27022    0.00000   -0.16679    0.00000
  331  244.34725  419.33818    0.00000   -0.16646    0.00000
  332  243.74920  419.40597    0.00000   -0.16612    0.00000
  333  243.15235  419.47359    0.00000   -0.16579    0.00000
  334  242.55669  419.54105    0.00000   -0.16546    0.00000
  335  241.96222  419.60835    0.00000   -0.16513    0.00000
  336  241.36893  419.67548    0.00000   -0.16480    0.00000
  337  240.77681  419.74244    0.00000   -0.16448    0.00000
  338  240.18587  419.80924    0.00000   -0.16415    0.00000
  339  239.59610  419.87588    0.00000   -0.16383    0.00000
  340  239.00749  419.94235    0.00000   -0.16350    0.00000
  341  238.42004  420.00866    0.00000   -0.16318    0.00000
  342  237.83375  420.07481    0.00000   -0.16286    0.00000
  343  237.24860  420.14079    0.00000   -0.16254    0.00000
  344  236.66460  420.20661    0.00000   -0.16222    0.00000
  345  236.68282  420.27235    0.00000    0.00506    0.00000
  346  236.70100  420.33810    0.00000    0.00505    0.00000
  347  236.71915  420.40385    0.00000    0.00504    0.00000
  348  236.73726  420.46961    0.00000    0.00503    0.00000
  349  236.75533  420.53537    0.00000    0.00502    0.00000
  350  236.77337  420.60114    0.00000    0.00501    0.00000
  351  236.79138  420.66692    0.00000    0.00500    0.00000
  352  236.80935  420.73269    0.00000    0.00499    0.00000
  353  236.82729  420.79848    0.00000    0.00498    0.00000
  354  236.84519  420.86426    0.00000    0.00497    0.00000
  355  236.86305  420.93006    0.00000    0.00496    0.00000
  356  236.88088  420.99585    0.00000    0.00495    0.00000
  357  236.89868  421.06166    0.00000    0.00494    0.00000
  358  236.91644  421.12747    0.00000    0.00493    0.00000
  359  236.93416  421.19328    0.00000    0.00492    0.00000
  360  236.95185  421.25910    0.00000    0.00491    0.00000
  361  236.96951  421.32492    0.00000    0.00490    0.00000
  362  236.98713  421.39075    0.00000    0.00490    0.00000
  363  237.00472  421.45658    0.00000    0.00489    0.00000
  364  237.02228  421.52241    0.00000    0.00488    0.00000
  365  237.03980  421.58826    0.00000    0.00487    0.00000
  366  237.05728  421.65410    0.00000    0.00486    0.00000
  367  237.07473  421.71995    0.00000    0.00485    0.00000
  368  237.09215  421.78581    0.00000    0.00484    0.00000
  369  237.10953  421.85167    0.00000    0.00483    0.00000
  370  237.12688  421.91754    0.00000    0.00482    0.00000
  371  237.14420  421.98341    0.00000    0.00481    0.00000
  372  237.16148  422.04929    0.00000    0.00480    0.00000
  373  237.17872  422.11517    0.00000    0.00479    0.00000
  374  237.19594  422.18105    0.00000    0.00478    0.00000
  375  237.21312  422.24694    0.00000    0.00477    0.00000
  376  237.23026  422.31284    0.00000    0.00476    0.00000
  377  237.24738  422.37874    0.00000    0.00475    0.00000
  378  236.96286  422.44460    0.00000   -0.07903    0.00000
  379  236.67889  422.51038    0.00000   -0.07888    0.00000
  380  236.39549  422.57609    0.00000   -0.07872    0.00000
  381  236.11263  422.64171    0.00000   -0.07857    0.00000
  382  235.83032  422.70726    0.00000   -0.07842    0.00000
  383  235.54857  422.77273    0.00000   -0.07827    0.00000
  384  235.26736  422.83812    0.00000   -0.07811    0.00000
  385  234.98670  422.90343    0.00000   -0.07796    0.00000
  386  234.70658  422.96867    0.00000   -0.07781    0.00000
  387  234.42701  423.03383    0.00000   -0.07766    0.00000
  388  234.14797  423.09891    0.00000   -0.07751    0.00000
  389  233.86948  423.16391    0.00000   -0.07736    0.00000
  390  233.59153  423.22883    0.00000   -0.07721    0.00000
  391  233.31411  423.29368    0.00000   -0.07706    0.00000
  392  233.03722  423.35845    0.00000   -0.07691    0.00000
  393  232.76087  423.42315    0.00000   -0.07676    0.00000
  394  232.48506  423.48777    0.00000   -0.07662    0.00000
  395  232.20977  423.55231    0.00000   -0.07647    0.00000
  396  231.93501  423.61677    0.00000   -0.07632    0.00000
  397  231.66078  423.68116    0.00000   -0.07618    0.00000
  398  231.38708  423.74547    0.00000   -0.07603    0.00000
  399  231.11390  423.80971    0.00000   -0.07588    0.00000
  400  230.84124  423.87387    0.00000   -0.07574    0.00000
  401  230.56911  423.93795    0.00000   -0.07559    0.00000
  402  230.29749  424.00196    0.00000   -0.07545    0.00000
  403  230.02639  424.06590    0.00000   -0.07530    0.00000
  404  229.75581  424.12975    0.00000   -0.07516    0.00000
  405  229.48575  424.19354    0.00000   -0.07502    0.00000
  406  229.21620  424.25725    0.00000   -0.07488    0.00000
  407  228.94716  424.32088    0.00000   -0.07473    0.00000
  408  228.67863  424.38444    0.00000   -0.07459    0.00000
  409  228.41061  424.44792    0.00000   -0.07445    0.00000
  410  228.14311  424.51133    0.00000   -0.07431    0.00000
  411  227.87610  424.57467    0.00000   -0.07417    0.00000
  412  227.60961  424.63793    0.00000   -0.07403    0.00000
  413  227.34361  424.70112    0.00000   -0.07389    0.00000
  414  227.07812  424.76423    0.00000   -0.07375    0.00000
  415  226.81313  424.82727    0.00000   -0.07361    0.00000
  416  226.54864  424.89024    0.00000   -0.07347    0.00000
  417  226.28465  424.95314    0.00000   -0.07333    0.00000
  418  226.02115  425.01596    0.00000   -0.07319    0.00000
  419  225.75815  425.07870    0.00000   -0.07306    0.00000
  420  225.49564  425.14138    0.00000   -0.07292    0.00000
  421  225.23363  425.20398    0.00000   -0.07278    0.00000
  422  224.97211  425.26651    0.00000   -0.07265    0.00000
  423  224.71107  425.32896    0.00000   -0.07251    0.00000
  424  224.45053  425.39135    0.00000   -0.07237    0.00000
  425  224.19047  425.45366    0.00000   -0.07224    0.00000
  426  223.93090  425.51590    0.00000   -0.07210    0.00000
  427  223.67181  425.57806    0.00000   -0.07197    0.00000
  428  223.41320  425.64016    0.00000   -0.07183    0.00000
  429  223.15508  425.70218    0.00000   -0.07170    0.00000
  430  222.67636  425.76410    0.00000   -0.13298    0.00000
  431  222.19853  425.82589    0.00000   -0.13273    0.00000
  432  221.72158  425.88755    0.00000   -0.13248    0.00000
  433  221.24552  425.94907    0.00000   -0.13224    0.00000
  434  220.77034  426.01046    0.00000   -0.13200    0.00000
  435  220.29603  426.07172    0.00000   -0.13175    0.00000
  436  219.82260  426.13285    0.00000   -0.13151    0.00000
  437  219.35004  426.19384    0.00000   -0.13127    0.00000
  438  218.87834  426.25471    0.00000   -0.13103    0.00000
  439  218.40751  426.31544    0.00000   -0.13079    0.00000
  440  217.93754  426.37605    0.00000   -0.13055    0.00000
  441  217.46843  426.43652    0.00000   -0.13031    0.00000
  442  217.00017  426.49686    0.00000   -0.13007    0.00000
  443  216.53277  426.55708    0.00000   -0.12983    0.00000
  444  216.06621  426.61716    0.00000   -0.12960    0.00000
  445  215.60051  426.67711    0.00000   -0.12936    0.00000
  446  215.13564  426.73694    0.00000   -0.12913    0.00000
  447  214.67161  426.79663    0.00000   -0.12890    0.00000
  448  214.20842  426.85620    0.00000   -0.12866    0.00000
  449  213.74607  426.91564    0.00000   -0.12843    0.00000
  450  213.28454  426.97495    0.00000   -0.12820    0.00000
  451  212.82385  427.03413    0.00000   -0.12797    0.00000
  452  212.36398  427.09318    0.00000   -0.12774    0.00000
  453  211.90493  427.15211    0.00000   -0.12751    0.00000
  454  211.44670  427.21091    0.00000   -0.12729    0.00000
  455  210.98929  427.26958    0.00000   -0.12706    0.00000
  456  210.53269  427.32812    0.00000   -0.12683    0.00000
  457  210.07690  427.38654    0.00000   -0.12661    0.00000
  458  209.62192  427.44483    0.00000   -0.12638    0.00000
  459  209.16775  427.50300    0.00000   -0.12616    0.00000
  460  208.71438  427.56104    0.00000   -0.12594    0.00000
  461  208.26180  427.61895    0.00000   -0.12571    0.00000
  462  207.81003  427.67674    0.00000   -0.12549    0.00000
  463  207.35905  427.73440    0.00000   -0.12527    0.00000
  464  206.90886  427.79194    0.00000   -0.12505    0.00000
  465  206.45945  427.84935    0.00000   -0.12483    0.00000
  466  206.01084  427.90664    0.00000   -0.12462    0.00000
  467  205.78408  427.96383    0.00000   -0.06299    0.00000
  468  205.55772  428.02096    0.00000   -0.06288    0.00000
  469  205.33176  428.07803    0.00000   -0.06277    0.00000
  470  205.10618  428.13504    0.00000   -0.06266    0.00000
  471  204.88100  428.19198    0.00000   -0.06255    0.00000
  472  204.97582  428.24890    0.00000    0.02634    0.00000
  473  205.07048  428.30585    0.00000    0.02629    0.00000
  474  205.16497  428.36283    0.00000    0.02625    0.00000
  475  205.25930  428.41983    0.00000    0.02620    0.00000
  476  205.35346  428.47686    0.00000    0.02616    0.00000
  477  205.44746  428.53392    0.00000    0.02611    0.00000
  478  205.54129  428.59100    0.00000    0.02607    0.00000
  479  205.63497  428.64811    0.00000    0.02602    0.00000
  480  205.72848  428.70524    0.00000    0.02597    0.00000
  481  205.82182  428.76240    0.00000    0.02593    0.00000
  482  205.91501  428.81959    0.00000    0.02588    0.00000
  483  206.00803  428.87680    0.00000    0.02584    0.00000
  484  206.10089  428.93404    0.00000    0.02579    0.00000
  485  206.19358  428.99130    0.00000    0.02575    0.00000
  486  206.28612  429.04859    0.00000    0.02570    0.00000
  487  206.37849  429.10590    0.00000    0.02566    0.00000
  488  206.47071  429.16324    0.00000    0.02561    0.00000
  489  206.56276  429.22061    0.00000    0.02557    0.00000
  490  206.65465  429.27800    0.00000    0.02553    0.00000
  491  206.74638  429.33542    0.00000    0.02548    0.00000
  492  206.83795  429.39286    0.00000    0.02544    0.00000
  493  206.92936  429.45033    0.00000    0.02539    0.00000
  494  207.02061  429.50782    0.00000    0.02535    0.00000
  495  207.11170  429.56534    0.00000    0.02530    0.00000
  496  207.20263  429.62288    0.00000    0.02526    0.00000
  497  207.29340  429.68045    0.00000    0.02521    0.00000
  498  207.38401  429.73805    0.00000    0.02517    0.00000
  499  207.47447  429.79567    0.00000    0.02513    0.00000
  500  207.56476  429.85331    0.00000    0.02508    0.00000
  501  207.65490  429.91098    0.00000    0.02504    0.00000
  502  207.74488  429.96867    0.00000    0.02499    0.00000
  503  207.51509  430.02635    0.00000   -0.06383    0.00000
  504  207.28570  430.08396    0.00000   -0.06372    0.00000
  505  207.05672  430.14151    0.00000   -0.06361    0.00000
  506  206.82813  430.19899    0.00000   -0.06350    0.00000
  507  206.59995  430.25641    0.00000   -0.06338    0.00000
  508  206.37217  430.31377    0.00000   -0.06327    0.00000
  509  206.14478  430.37106    0.00000   -0.06316    0.00000
  510  205.91779  430.42829    0.00000   -0.06305    0.00000
  511  205.69120  430.48546    0.00000   -0.06294    0.00000
  512  205.46500  430.54257    0.00000   -0.06283    0.00000
  513  205.23920  430.59961    0.00000   -0.06272    0.00000
  514  205.01379  430.65659    0.00000   -0.06261    0.00000
  515  204.78876  430.71351    0.00000   -0.06251    0.00000
  516  204.56414  430.77036    0.00000   -0.06240    0.00000
  517  204.33990  430.82715    0.00000   -0.06229    0.00000
  518  204.11604  430.88388    0.00000   -0.06218    0.00000
  519  203.89258  430.94055    0.00000   -0.06207    0.00000
  520  203.66950  430.99716    0.00000   -0.06197    0.00000
  521  203.44681  431.05370    0.00000   -0.06186    0.00000
  522  203.22451  431.11018    0.00000   -0.06175    0.00000
  523  203.00258  431.16660    0.00000   -0.06165    0.00000
  524  202.78104  431.22296    0.00000   -0.06154    0.00000
  525  202.55988  431.27926    0.00000   -0.06143    0.00000
  526  202.33911  431.33550    0.00000   -0.06133    0.00000
  527  202.11871  431.39167    0.00000   -0.06122    0.00000
  528  201.89869  431.44778    0.00000   -0.06112    0.00000
  529  201.67905  431.50384    0.00000   -0.06101    0.00000
  530  201.45978  431.55983    0.00000   -0.06091    0.00000
  531  201.24089  431.61576    0.00000   -0.06080    0.00000
  532  201.02238  431.67163    0.00000   -0.06070    0.00000
  533  200.80424  431.72744    0.00000   -0.06059    0.00000
  534  200.58647  431.78319    0.00000   -0.06049    0.00000
  535  200.36907  431.83887    0.00000   -0.06039    0.00000
  536  200.15205  431.89450    0.00000   -0.06028    0.00000
  537  199.93539  431.95007    0.00000   -0.06018    0.00000
  538  199.71911  432.00558    0.00000   -0.06008    0.00000
  539  199.50319  432.06102    0.00000   -0.05998    0.00000
  540  199.28764  432.11641    0.00000   -0.05988    0.00000
  541  199.07245  432.17174    0.00000   -0.05977    0.00000
  542  198.85763  432.22701    0.00000   -0.05967    0.00000
  543  198.64318  432.28222    0.00000   -0.05957    0.00000
  544  198.42909  432.33737    0.00000   -0.05947    0.00000
  545  198.21536  432.39246    0.00000   -0.05937    0.00000
  546  198.00199  432.44749    0.00000   -0.05927    0.00000
  547  197.78899  432.50246    0.00000   -0.05917    0.00000
  548  197.57634  432.55737    0.00000   -0.05907    0.00000
  549  197.36405  432.61222    0.00000   -0.05897    0.00000
  550  197.15212  432.66701    0.00000   -0.05887    0.00000
  551  196.94055  432.72175    0.00000   -0.05877    0.00000
  552  196.72933  432.77643    0.00000   -0.05867    0.00000
  553  196.51847  432.83104    0.00000   -0.05857    0.00000
  554  196.30796  432.88560    0.00000   -0.05847    0.00000
  555  196.09781  432.94010    0.00000   -0.05838    0.00000
  556  195.88801  432.99455    0.00000   -0.05828    0.00000
  557  195.67856  433.04893    0.00000   -0.05818    0.00000
  558  195.46946  433.10326    0.00000   -0.05808    0.00000
  559  195.26071  433.15753    0.00000   -0.05799    0.00000
  560  195.05231  433.21174    0.00000   -0.05789    0.00000
  561  194.84426  433.26589    0.00000   -0.05779    0.00000
  562  194.63655  433.31998    0.00000   -0.05770    0.00000
  563  194.42919  433.37402    0.00000   -0.05760    0.00000
  564  194.22218  433.42800    0.00000   -0.05750    0.00000
  565  194.01551  433.48192    0.00000   -0.05741    0.00000
  566  193.80919  433.53578    0.00000   -0.05731    0.00000
  567  193.60321  433.58959    0.00000   -0.05722    0.00000
  568  193.39757  433.64334    0.00000   -0.05712    0.00000
  569  193.19227  433.69704    0.00000   -0.05703    0.00000
  570  192.98731  433.75067    0.00000   -0.05693    0.00000
  571  192.78269  433.80425    0.00000   -0.05684    0.00000
  572  192.57841  433.85777    0.00000   -0.05674    0.00000
  573  192.37447  433.91124    0.00000   -0.05665    0.00000
  574  192.17087  433.96465    0.00000   -0.05656    0.00000
  575  191.96760  434.01800    0.00000   -0.05646    0.00000
  576  191.76466  434.07130    0.00000   -0.05637    0.00000
  577  191.56207  434.12454    0.00000   -0.05628    0.00000
  578  191.35980  434.17772    0.00000   -0.05618    0.00000
  579  191.15787  434.23085    0.00000   -0.05609    0.00000
  580  190.95627  434.28392    0.00000   -0.05600    0.00000
  581  190.75500  434.33693    0.00000   -0.05591    0.00000
  582  190.55406  434.38989    0.00000   -0.05582    0.00000
  583  190.35345  434.44280    0.00000   -0.05572    0.00000
  584  190.15317  434.49565    0.00000   -0.05563    0.00000
  585  189.95322  434.54844    0.00000   -0.05554    0.00000
  586  189.75359  434.60118    0.00000   -0.05545    0.00000
  587  189.55429  434.65386    0.00000   -0.05536    0.00000
  588  189.35532  434.70648    0.00000   -0.05527    0.00000
  589  189.15667  434.75905    0.00000   -0.05518    0.00000
  590  188.95834  434.81157    0.00000   -0.05509    0.00000
  591  188.76034  434.86403    0.00000   -0.05500    0.00000
  592  188.56266  434.91644    0.00000   -0.05491    0.00000
  593  188.36530  434.96879    0.00000   -0.05482    0.00000
  594  188.16827  435.02108    0.00000   -0.05473    0.00000
  595  187.97155  435.07333    0.00000   -0.05464    0.00000
  596  187.77515  435.12551    0.00000   -0.05456    0.00000
  597  187.00859  435.17757   -0.00700   -0.21293   -0.15847
  598  186.24326  435.22941   -0.00697   -0.21259   -0.15847
  599  185.47917  435.28104   -0.00694   -0.21225   -0.15847
  600  184.71631  435.33245   -0.00691   -0.21191   -0.15847
  601  183.95467  435.38366   -0.00688   -0.21157   -0.15847
  602  183.19424  435.43465   -0.00685   -0.21123   -0.15847
  603  182.43503  435.48543   -0.00683   -0.21089   -0.15847
  604  181.23698  435.53594   -0.00678   -0.33279   -0.15847
  605  180.04083  435.58612   -0.00674   -0.33226   -0.15847
  606  178.84656  435.63596   -0.00669   -0.33174   -0.15847
  607  177.65416  435.68548   -0.00665   -0.33122   -0.15847
  608  176.46361  435.73466   -0.00660   -0.33071   -0.15847
  609  175.27491  435.78351   -0.00656   -0.33020   -0.15847
  610  174.08803  435.83204   -0.00651   -0.32969   -0.15847
  611  172.90298  435.88023   -0.00647   -0.32918   -0.15847
  612  171.71973  435.92809   -0.00643   -0.32868   -0.15847
  613  170.53828  435.97563   -0.00638   -0.32818   -0.15847
  614  169.35860  436.02284   -0.00634   -0.32769   -0.15847
  615  168.18070  436.06972   -0.00629   -0.32720   -0.15847
  616  167.00456  436.11627   -0.00625   -0.32671   -0.15847
  617  165.83016  436.16250   -0.00620   -0.32622   -0.15847
  618  164.65749  436.20840   -0.00616   -0.32574   -0.15847
  619  163.48655  436.25397   -0.00612   -0.32526   -0.15847
  620  162.31731  436.29922   -0.00607   -0.32479   -0.15847
  621  161.14978  436.34415   -0.00603   -0.32432   -0.15847
  622  159.98393  436.38875   -0.00599   -0.32385   -0.15847
  623  158.81976  436.43303   -0.00594   -0.32338   -0.15847
  624  157.65725  436.47699   -0.00590   -0.32292   -0.15847
  625  156.49639  436.52062   -0.00586   -0.32246   -0.15847
  626  155.33718  436.56393   -0.00581   -0.32200   -0.15847
  627  154.17959  436.60692   -0.00577   -0.32155   -0.15847
  628  153.02362  436.64958   -0.00573   -0.32110   -0.15847
  629  151.86925  436.69193   -0.00568   -0.32066   -0.15847
  630  150.71649  436.73396   -0.00564   -0.32021   -0.15847
  631  149.56530  436.77566   -0.00560   -0.31977   -0.15847
  632  148.41569  436.81705   -0.00555   -0.31934   -0.15847
  633  147.26764  436.85812   -0.00551   -0.31890   -0.15847
  634  146.12115  436.89886   -0.00547   -0.31847   -0.15847
  635  144.97619  436.93929   -0.00542   -0.31804   -0.15847
  636  143.83276  436.97941   -0.00538   -0.31762   -0.15847
  637  142.69085  437.01920   -0.00534   -0.31720   -0.15847
  638  141.55045  437.05868   -0.00530   -0.31678   -0.15847
  639  140.41154  437.09784   -0.00525   -0.31636   -0.15847
  640  139.27412  437.13669   -0.00521   -0.31595   -0.15847
  641  138.13817  437.17522   -0.00517   -0.31554   -0.15847
  642  137.00369  437.21343   -0.00513   -0.31513   -0.15847
  643  135.87066  437.25133   -0.00508   -0.31473   -0.15847
  644  134.73908  437.28891   -0.00504   -0.31433   -0.15847
  645  133.60893  437.32618   -0.00500   -0.31393   -0.15847
  646  132.48020  437.36314   -0.00496   -0.31354   -0.15847
  647  131.35288  437.39978   -0.00491   -0.31314   -0.15847
  648  130.22697  437.43611   -0.00487   -0.31275   -0.15847
  649  129.10244  437.47213   -0.00483   -0.31237   -0.15847
  650  127.97930  437.50784   -0.00479   -0.31198   -0.15847
  651  126.85753  437.54323   -0.00475   -0.31160   -0.15847
  652  125.73711  437.57832   -0.00470   -0.31123   -0.15847
  653  124.61805  437.61309   -0.00466   -0.31085   -0.15847
  654  123.50033  437.64755   -0.00462   -0.31048   -0.15847
  655  122.38394  437.68170   -0.00458   -0.31011   -0.15847
  656  121.26887  437.71554   -0.00454   -0.30974   -0.15847
  657  120.15511  437.74907   -0.00450   -0.30938   -0.15847
  658  119.04266  437.78229   -0.00445   -0.30902   -0.15847
  659  117.93149  437.81521   -0.00441   -0.30866   -0.15847
  660  116.82160  437.84781   -0.00437   -0.30830   -0.15847
  661  115.71298  437.88011   -0.00433   -0.30795   -0.15847
  662  114.60563  437.91209   -0.00429   -0.30760   -0.15847
  663  113.49953  437.94378   -0.00425   -0.30725   -0.15847
  664  112.39466  437.97515   -0.00421   -0.30691   -0.15847
  665  111.29103  438.00622   -0.00416   -0.30656   -0.15847
  666  110.18863  438.03698   -0.00412   -0.30622   -0.15847
  667  109.08743  438.06743   -0.00408   -0.30589   -0.15847
  668  107.98744  438.09758   -0.00404   -0.30555   -0.15847
  669  106.88865  438.12743   -0.00400   -0.30522   -0.15847
  670  105.79104  438.15697   -0.00396   -0.30489   -0.15847
  671  104.69460  438.18620   -0.00392   -0.30457   -0.15847
  672  103.59933  438.21513   -0.00388   -0.30424   -0.15847
  673  102.50521  438.24376   -0.00384   -0.30392   -0.15847
  674  101.41225  438.27208   -0.00379   -0.30360   -0.15847
  675  100.76045  438.30016   -0.00377   -0.18105   -0.15847
  676  100.10934  438.32806   -0.00375   -0.18087   -0.15847
  677   99.45889  438.35577   -0.00372   -0.18068   -0.15847
  678   98.80911  438.38331   -0.00370   -0.18049   -0.15847
  679   98.15999  438.41067   -0.00367   -0.18031   -0.15847
  680   97.51154  438.43784   -0.00365   -0.18013   -0.15847
  681   96.86374  438.46484   -0.00362   -0.17994   -0.15847
  682   96.21660  438.49166   -0.00360   -0.17976   -0.15847
  683   95.57011  438.51829   -0.00358   -0.17958   -0.15847
  684   94.92426  438.54475   -0.00355   -0.17940   -0.15847
  685   94.27905  438.57103   -0.00353   -0.17922   -0.15847
  686   93.63449  438.59713   -0.00350   -0.17905   -0.15847
  687   92.99056  438.62305   -0.00348   -0.17887   -0.15847
  688   92.34726  438.64879   -0.00346   -0.17869   -0.15847
  689   91.70460  438.67435   -0.00343   -0.17852   -0.15847
  690   91.06256  438.69974   -0.00341   -0.17834   -0.15847
  691   90.42114  438.72494   -0.00338   -0.17817   -0.15847
  692   89.78034  438.74997   -0.00336   -0.17800   -0.15847
  693   89.14016  438.77482   -0.00334   -0.17783   -0.15847
  694   88.50059  438.79949   -0.00331   -0.17766   -0.15847
  695   87.86163  438.82399   -0.00329   -0.17749   -0.15847
  696   87.22327  438.84831   -0.00326   -0.17732   -0.15847
  697   86.58552  438.87245   -0.00324   -0.17715   -0.15847
  698   85.94836  438.89641   -0.00322   -0.17699   -0.15847
  699   85.31180  438.92020   -0.00319   -0.17682   -0.15847
  700   84.67584  438.94380   -0.00317   -0.17666   -0.15847
  701   84.04046  438.96724   -0.00314   -0.17649   -0.15847
  702   83.40567  438.99049   -0.00312   -0.17633   -0.15847
  703   82.77146  439.01357   -0.00310   -0.17617   -0.15847
  704   82.13783  439.03648   -0.00307   -0.17601   -0.15847
  705   81.50478  439.05921   -0.00305   -0.17585   -0.15847
  706   80.87230  439.08176   -0.00303   -0.17569   -0.15847
  707   80.24039  439.10414   -0.00300   -0.17553   -0.15847
  708   79.60905  439.12634   -0.00298   -0.17537   -0.15847
  709   78.97827  439.14836   -0.00296   -0.17522   -0.15847
  710   78.34804  439.17021   -0.00293   -0.17506   -0.15847
  711   77.71838  439.19189   -0.00291   -0.17491   -0.15847
  712   77.08927  439.21339   -0.00288   -0.17475   -0.15847
  713   76.46071  439.23472   -0.00286   -0.17460   -0.15847
  714   75.83270  439.25587   -0.00284   -0.17445   -0.15847
  715   75.20523  439.27685   -0.00281   -0.17430   -0.15847
  716   74.57831  439.29765   -0.00279   -0.17415   -0.15847
  717   73.95192  439.31828   -0.00277   -0.17400   -0.15847
  718   73.32607  439.33873   -0.00274   -0.17385   -0.15847
  719   72.70075  439.35902   -0.00272   -0.17370   -0.15847
  720   72.07595  439.37912   -0.00270   -0.17355   -0.15847
  721   71.45169  439.39906   -0.00267   -0.17341   -0.15847
  722   70.82794  439.41882   -0.00265   -0.17326   -0.15847
  723   70.20472  439.43841   -0.00263   -0.17312   -0.15847
  724   69.58201  439.45782   -0.00260   -0.17297   -0.15847
  725   68.95981  439.47706   -0.00258   -0.17283   -0.15847
  726   68.33813  439.49613   -0.00256   -0.17269   -0.15847
  727   67.71695  439.51503   -0.00253   -0.17255   -0.15847
  728   67.09628  439.53375   -0.00251   -0.17241   -0.15847
  729   66.47611  439.55231   -0.00249   -0.17227   -0.15847
  730   65.85643  439.57068   -0.00246   -0.17213   -0.15847
  731   65.23726  439.58889   -0.00244   -0.17199   -0.15847
  732   64.61857  439.60693   -0.00242   -0.17186   -0.15847
  733   64.00037  439.62479   -0.00239   -0.17172   -0.15847
  734   63.38266  439.64248   -0.00237   -0.17159   -0.15847
  735   62.76544  439.66000   -0.00235   -0.17145   -0.15847
  736   62.14869  439.67735   -0.00233   -0.17132   -0.15847
  737   61.53242  439.69453   -0.00230   -0.17119   -0.15847
  738   60.91663  439.71154   -0.00228   -0.17105   -0.15847
  739   60.30131  439.72837   -0.00226   -0.17092   -0.15847
  740   59.68645  439.74504   -0.00223   -0.17079   -0.15847
  741   59.07207  439.76153   -0.00221   -0.17066   -0.15847
  742   58.45814  439.77786   -0.00219   -0.17053   -0.15847
  743   57.84468  439.79401   -0.00216   -0.17041   -0.15847
  744   57.23167  439.80999   -0.00214   -0.17028   -0.15847
  745   56.61911  439.82581   -0.00212   -0.17015   -0.15847
  746   56.00701  439.84145   -0.00210   -0.17003   -0.15847
  747   55.39536  439.85692   -0.00207   -0.16990   -0.15847
  748   54.78415  439.87222   -0.00205   -0.16978   -0.15847
  749   54.17339  439.88736   -0.00203   -0.16966   -0.15847
  750   53.56306  439.90232   -0.00200   -0.16953   -0.15847
  751   52.95317  439.91711   -0.00198   -0.16941   -0.15847
  752   52.34372  439.93174   -0.00196   -0.16929   -0.15847
  753   51.73470  439.94619   -0.00194   -0.16917   -0.15847
  754   51.12610  439.96048   -0.00191   -0.16905   -0.15847
  755   50.51794  439.97460   -0.00189   -0.16894   -0.15847
  756   49.91019  439.98855   -0.00187   -0.16882   -0.15847
  757   49.30287  440.00232   -0.00184   -0.16870   -0.15847
  758   48.69596  440.01594   -0.00182   -0.16859   -0.15847
  759   48.08947  440.02938   -0.00180   -0.16847   -0.15847
  760   47.48339  440.04265   -0.00178   -0.16836   -0.15847
  761   46.87772  440.05576   -0.00175   -0.16824   -0.15847
  762   46.27245  440.06870   -0.00173   -0.16813   -0.15847
  763   45.66759  440.08146   -0.00171   -0.16802   -0.15847
  764   45.06313  440.09407   -0.00169   -0.16791   -0.15847
  765   44.45907  440.10650   -0.00166   -0.16779   -0.15847
  766   43.85541  440.11877   -0.00164   -0.16768   -0.15847
  767   43.25213  440.13086   -0.00162   -0.16758   -0.15847
  768   42.64925  440.14279   -0.00160   -0.16747   -0.15847
  769   42.04675  440.15456   -0.00157   -0.16736   -0.15847
  770   41.44464  440.16615   -0.00155   -0.16725   -0.15847
  771   40.84291  440.17758   -0.00153   -0.16715   -0.15847
  772   40.24156  440.18884   -0.00151   -0.16704   -0.15847
  773   39.64059  440.19994   -0.00148   -0.16694   -0.15847
  774   39.03999  440.21087   -0.00146   -0.16683   -0.15847
  775   38.43976  440.22163   -0.00144   -0.16673   -0.15847
  776   37.83990  440.23222   -0.00142   -0.16663   -0.15847
  777   37.24041  440.24265   -0.00139   -0.16653   -0.15847
  778   36.64128  440.25291   -0.00137   -0.16643   -0.15847
  779   36.04251  440.26301   -0.00135   -0.16632   -0.15847
  780   35.44410  440.27294   -0.00133   -0.16623   -0.15847
  781   34.84604  440.28270   -0.00130   -0.16613   -0.15847
  782   34.24834  440.29229   -0.00128   -0.16603   -0.15847
  783   33.65099  440.30173   -0.00126   -0.16593   -0.15847
  784   33.05398  440.31099   -0.00124   -0.16583   -0.15847
  785   32.45732  440.32009   -0.00121   -0.16574   -0.15847
  786   31.86100  440.32902   -0.00119   -0.16564   -0.15847
  787   31.26502  440.33779   -0.00117   -0.16555   -0.15847
  788   30.66938  440.34639   -0.00115   -0.16546   -0.15847
  789   30.07407  440.35483   -0.00113   -0.16536   -0.15847
  790   29.47910  440.36310   -0.00110   -0.16527   -0.15847
  791   28.88445  440.37120   -0.00108   -0.16518   -0.15847
  792   28.29013  440.37915   -0.00106   -0.16509   -0.15847
  793   27.69614  440.38692   -0.00104   -0.16500   -0.15847
  794   27.10246  440.39453   -0.00101   -0.16491   -0.15847
  795   26.50911  440.40198   -0.00099   -0.16482   -0.15847
  796   25.91607  440.40926   -0.00097   -0.16473   -0.15847
  797   25.32335  440.41638   -0.00095   -0.16465   -0.15847
  798   24.73093  440.42333   -0.00093   -0.16456   -0.15847
  799   24.13883  440.43012   -0.00090   -0.16447   -0.15847
  800   23.54703  440.43674   -0.00088   -0.16439   -0.15847
  801   22.95554  440.44320   -0.00086   -0.16430   -0.15847
  802   22.36435  440.44949   -0.00084   -0.16422   -0.15847
  803   21.77345  440.45562   -0.00081   -0.16414   -0.15847
  804   21.18286  440.46159   -0.00079   -0.16405   -0.15847
  805   20.59255  440.46739   -0.00077   -0.16397   -0.15847
  806   20.00254  440.47303   -0.00075   -0.16389   -0.15847
  807   19.41282  440.47850   -0.00073   -0.16381   -0.15847
  808   18.82338  440.48381   -0.00070   -0.16373   -0.15847
  809   18.23423  440.48896   -0.00068   -0.16365   -0.15847
  810   17.64536  440.49394   -0.00066   -0.16358   -0.15847
  811   17.05677  440.49876   -0.00064   -0.16350   -0.15847
  812   16.46845  440.50342   -0.00062   -0.16342   -0.15847
  813   15.88041  440.50791   -0.00059   -0.16335   -0.15847
  814   15.29264  440.51224   -0.00057   -0.16327   -0.15847
  815   14.70514  440.51641   -0.00055   -0.16319   -0.15847
  816   14.11790  440.52041   -0.00053   -0.16312   -0.15847
  817   13.53093  440.52425   -0.00051   -0.16305   -0.15847
  818   12.94422  440.52793   -0.00048   -0.16297   -0.15847
  819   12.35777  440.53144   -0.00046   -0.16290   -0.15847
  820   11.77158  440.53479   -0.00044   -0.16283   -0.15847
  821   11.18564  440.53798   -0.00042   -0.16276   -0.15847
  822   10.59995  440.54101   -0.00040   -0.16269   -0.15847
  823   10.01451  440.54387   -0.00037   -0.16262   -0.15847
  824    9.42932  440.54657   -0.00035   -0.16255   -0.15847
  825    8.84438  440.54911   -0.00033   -0.16248   -0.15847
  826    8.25967  440.55149   -0.00031   -0.16242   -0.15847
  827    7.67521  440.55370   -0.00029   -0.16235   -0.15847
  828    7.09098  440.55575   -0.00027   -0.16229   -0.15847
  829    6.50699  440.55764   -0.00024   -0.16222   -0.15847
  830    5.92324  440.55937   -0.00022   -0.16216   -0.15847
  831    5.33971  440.56093   -0.00020   -0.16209   -0.15847
  832    4.75641  440.56233   -0.00018   -0.16203   -0.15847
  833    4.17333  440.56357   -0.00016   -0.16197   -0.15847
  834    3.59048  440.56465   -0.00013   -0.16190   -0.15847
  835    3.00785  440.56557   -0.00011   -0.16184   -0.15847
  836    2.42544  440.56632   -0.00009   -0.16178   -0.15847
  837    1.84324  440.56691   -0.00007   -0.16172   -0.15847
  838    1.26126  440.56735   -0.00005   -0.16166   -0.15847
  839    0.67948  440.56762   -0.00003   -0.16160   -0.15847
  840    0.09792  440.56772   -0.00000   -0.16155   -0.15847
  841    0.00000  440.56772    0.00000    0.00000    0.00000
  842    0.00000  440.56772    0.00000    0.00000    0.00000
  843    0.00000  440.56772    0.00000    0.00000    0.00000
  844    0.00000  440.56772    0.00000    0.00000    0.00000
  845    0.00000  440.56772    0.00000    0.00000    0.00000
  846    0.00000  440.56772    0.00000    0.00000    0.00000
  847    0.00000  440.56772    0.00000    0.00000    0.00000
  848    0.00000  440.56772    0.00000    0.00000    0.00000
  849    0.00000  440.56772    0.00000    0.00000    0.00000
  850    0.00000  440.56772    0.00000    0.00000    0.00000
  851    0.00000  440.56772    0.00000    0.00000    0.00000
  852    0.00000  440.56772    0.00000    0.00000    0.00000
  853    0.00000  440.56772    0.00000    0.00000    0.00000
  854    0.00000  440.56772    0.00000    0.00000    0.00000
  855    0.00000  440.56772    0.00000    0.00000    0.00000
  856    0.00000  440.56772    0.00000    0.00000    0.00000
  857    0.00000  440.56772    0.00000    0.00000    0.00000
  858    0.00000  440.56772    0.00000    0.00000    0.00000
  859    0.00000  440.56772    0.00000    0.00000    0.00000
  860    0.00000  440.56772    0.00000    0.00000    0.00000
  861    0.00000  440.56772    0.00000    0.00000    0.00000
  862    0.00000  440.56772    0.00000    0.00000    0.00000
  863    0.00000  440.56772    0.00000    0.00000    0.00000
  864    0.00000  440.56772    0.00000    0.00000    0.00000
  865    0.00000  440.56772    0.00000    0.00000    0.00000
  866    0.00000  440.56772    0.00000    0.00000    0.00000
  867    0.00000  440.56772    0.00000    0.00000    0.00000
  868    0.00000  440.56772    0.00000    0.00000    0.00000
  869    0.00000  440.56772    0.00000    0.00000    0.00000
  870    0.00000  440.56772    0.00000    0.00000    0.00000
  871    0.00000  440.56772    0.00000    0.00000    0.00000
  872    0.00000  440.56772    0.00000    0.00000    0.00000
  873    0.00000  440.56772    0.00000    0.00000    0.00000
  874    0.00000  440.56772    0.00000    0.00000    0.00000
  875    0.00000  440.56772    0.00000    0.00000    0.00000
  876    0.00000  440.56772    0.00000    0.00000    0.00000
  877    0.00000  440.56772    0.00000    0.00000    0.00000
  878    0.00000  440.56772    0.00000    0.00000    0.00000
  879    0.00000  440.56772    0.00000    0.00000    0.00000
  880    0.00000  440.56772    0.00000    0.00000    0.00000
  881    0.00000  440.56772    0.00000    0.00000    0.00000
  882    0.00000  440.56772    0.00000    0.00000    0.00000
  883    0.00000  440.56772    0.00000    0.00000    0.00000
  884    0.00000  440.56772    0.00000    0.00000    0.00000
  885    0.00000  440.56772    0.00000    0.00000    0.00000
  886    0.00000  440.56772    0.00000    0.00000    0.00000
  887    0.00000  440.56772    0.00000    0.00000    0.00000
  888    0.00000  440.56772    0.00000    0.00000    0.00000
  889    0.00000  440.56772    0.00000    0.00000    0.00000
  890    0.00000  440.56772    0.00000    0.00000    0.00000
  891    0.00000  440.56772    0.00000    0.00000    0.00000
  892    0.00000  440.56772    0.00000    0.00000    0.00000
  893    0.00000  440.56772    0.00000    0.00000    0.00000
  894    0.00000  440.56772    0.00000    0.00000    0.00000
  895    0.00000  440.56772    0.00000    0.00000    0.00000
  896    0.00000  440.56772    0.00000    0.00000    0.00000
  897    0.00000  440.56772    0.00000    0.00000    0.00000
  898    0.00000  440.56772    0.00000    0.00000    0.00000
  899    0.00000  440.56772    0.00000    0.00000    0.00000
  900    0.00000  440.56772    0.00000    0.00000    0.00000
