    0    0.00000  289.17000    0.00000    0.00000    0.00000
    1    1.84146  289.17026    0.25576    0.51152  425.00000
    2    3.68227  289.17102    0.51143    0.51133  425.00000
    3    5.52239  289.17230    0.76700    0.51114  425.00000
    4    7.36180  289.17409    1.02247    0.51095  425.00000
    5    9.20049  289.17639    1.27785    0.51075  425.00000
    6   11.03843  289.17920    1.53311    0.51054  425.00000
    7   12.87559  289.18252    1.78828    0.51032  425.00000
    8   14.71196  289.18636    2.04333    0.51010  425.00000
    9   16.54750  289.19070    2.29826    0.50987  425.00000
   10   18.38221  289.19555    2.55308    0.50964  425.00000
   11   20.21606  289.20091    2.80779    0.50940  425.00000
   12   22.04901  289.20678    3.06236    0.50916  425.00000
   13   23.88107  289.21316    3.31681    0.50890  425.00000
   14   25.71219  289.22005    3.57114    0.50864  425.00000
   15   27.54236  289.22744    3.82533    0.50838  425.00000
   16   29.37155  289.23535    4.07938    0.50811  425.00000
   17   31.19975  289.24376    4.33330    0.50783  425.00000
   18   33.02693  289.25268    4.58707    0.50755  425.00000
   19   34.85308  289.26211    4.84070    0.50726  425.00000
   20   36.67815  289.27204    5.09419    0.50697  425.00000
   21   38.50215  289.28248    5.34752    0.50667  425.00000
   22   40.32504  289.29343    5.60070    0.50636  425.00000
   23   42.14680  289.30489    5.85372    0.50604  425.00000
   24   43.96741  289.31685    6.10658    0.50573  425.00000
   25   45.78685  289.32931    6.35928    0.50540  425.00000
   26   47.60510  289.34228    6.61182    0.50507  425.00000
   27   49.42213  289.35576    6.86418    0.50473  425.00000
   28   51.23793  289.36974    7.11638    0.50439  425.00000
   29   53.05247  289.38423    7.36840    0.50404  425.00000
   30   54.86573  289.39921    7.62024    0.50368  425.00000
   31   56.67770  289.41471    7.87190    0.50332  425.00000
   32   58.48834  289.43070    8.12338    0.50296  425.00000
   33   60.29764  289.44720    8.37467    0.50258  425.00000
   34   62.10557  289.46420    8.62577    0.50220  425.00000
   35   63.91212  289.48170    8.87668    0.50182  425.00000
   36   65.71727  289.49971    9.12740    0.50143  425.00000
   37   67.52099  289.51821    9.37791    0.50103  425.00000
   38   69.32326  289.53722    9.62823    0.50063  425.00000
   39   71.12406  289.55673    9.87834    0.50022  425.00000
   40   72.92338  289.57673   10.12825    0.49981  425.00000
   41   74.72118  289.59724   10.37794    0.49939  425.00000
   42   76.51746  289.61824   10.62743    0.49897  425.00000
   43   78.31219  289.63975   10.87669    0.49853  425.00000
   44   80.10534  289.66175   11.12574    0.49810  425.00000
   45   81.89690  289.68425   11.37457    0.49766  425.00000
   46   83.68686  289.70725   11.62317    0.49721  425.00000
   47   85.47518  289.73074   11.87155    0.49676  425.00000
   48   87.26184  289.75473   12.11970    0.49630  425.00000
   49   89.04684  289.77922   12.36762    0.49583  425.00000
   50   90.83015  289.80420   12.61530    0.49536  425.00000
   51   92.61174  289.82968   12.86274    0.49489  425.00000
   52   94.39160  289.85565   13.10994    0.49441  425.00000
   53   96.16971  289.88212   13.35690    0.49392  425.00000
   54   97.94605  289.90908   13.60362    0.49343  425.00000
   55   99.72060  289.93654   13.85008    0.49293  425.00000
   56  101.49334  289.96448   14.09630    0.49243  425.00000
   57  103.26425  289.99292   14.34226    0.49192  425.00000
   58  105.03331  290.02185   14.58796    0.49141  425.00000
   59  106.80050  290.05127   14.83340    0.49089  425.00000
   60  108.56581  290.08118   15.07858    0.49036  425.00000
   61  110.32921  290.11159   15.32350    0.48983  425.00000
   62  112.09069  290.14248   15.56815    0.48930  425.00000
   63  113.85022  290.17386   15.81253    0.48876  425.00000
   64  115.60779  290.20573   16.05664    0.48821  425.00000
   65  117.36337  290.23809   16.30047    0.48766  425.00000
   66  119.11696  290.27093   16.54402    0.48711  425.00000
   67  120.86853  290.30426   16.78730    0.48655  425.00000
   68  122.61807  290.33808   17.03029    0.48598  425.00000
   69  124.36554  290.37238   17.27299    0.48541  425.00000
   70  126.11095  290.40717   17.51541    0.48483  425.00000
   71  127.85426  290.44244   17.75754    0.48425  425.00000
   72  129.59546  290.47820   17.99937    0.48367  425.00000
   73  131.33454  290.51444   18.24091    0.48308  425.00000
   74  133.07147  290.55116   18.48215    0.48248  425.00000
   75  134.80624  290.58837   18.72309    0.48188  425.00000
   76  136.53883  290.62606   18.96373    0.48127  425.00000
   77  138.26922  290.66422   19.20406    0.48066  425.00000
   78  139.99739  290.70287   19.44408    0.48005  425.00000
   79  141.72333  290.74200   19.68380    0.47943  425.00000
   80  143.44702  290.78161   19.92320    0.47880  425.00000
   81  145.16845  290.82169   20.16228    0.47817  425.00000
   82  146.88758  290.86226   20.40105    0.47754  425.00000
   83  148.60442  290.90330   20.63950    0.47690  425.00000
   84  150.31894  290.94481   20.87763    0.47626  425.00000
   85  152.02720  290.98681   21.07009    0.47452  424.09825
   86  153.71233  291.02927   21.06426    0.46809  419.33287
   87  155.37510  291.07220   21.05870    0.46188  414.73575
   88  157.01621  291.11559   21.05338    0.45586  410.29739
   89  158.63631  291.15943   21.04829    0.45003  406.00904
   90  160.23605  291.20371   21.04342    0.44437  401.86260
   91  161.81601  291.24844   21.03875    0.43888  397.85056
   92  163.37677  291.29361   21.03428    0.43354  393.96596
   93  164.91886  291.33921   21.02998    0.42836  390.20236
   94  166.44279  291.38523   21.02584    0.42332  386.55374
   95  167.94906  291.43167   21.02187    0.41841  383.01449
   96  169.43812  291.47853   21.01805    0.41363  379.57938
   97  170.91043  291.52580   21.01436    0.40897  376.24355
   98  172.36639  291.57348   21.01081    0.40444  373.00241
   99  173.80643  291.62156   21.00739    0.40001  369.85168
  100  175.23092  291.67004   21.00408    0.39569  366.78736
  101  176.64023  291.71891   21.00089    0.39148  363.80567
  102  178.03472  291.76817   20.99780    0.38736  360.90307
  103  179.41472  291.81781   20.99482    0.38334  358.07623
  104  180.78058  291.86784   20.99193    0.37940  355.32201
  105  182.13259  291.91824   20.98914    0.37556  352.63744
  106  183.47105  291.96902   20.98643    0.37180  350.01974
  107  184.79627  292.02017   20.98381    0.36811  347.46626
  108  186.10851  292.07169   20.98127    0.36451  344.97450
  109  187.40804  292.12356   20.97881    0.36098  342.54211
  110  188.69512  292.17580   20.97641    0.35752  340.16684
  111  189.97000  292.22839   20.97409    0.35413  337.84658
  112  191.23292  292.28134   20.97183    0.35081  335.57930
  113  192.48411  292.33463   20.96964    0.34755  333.36311
  114  193.72379  292.38827   20.96751    0.34436  331.19617
  115  194.95219  292.44225   20.96544    0.34122  329.07677
  116  196.16950  292.49658   20.96342    0.33814  327.00326
  117  197.37593  292.55124   20.96146    0.33512  324.97407
  118  198.57167  292.60623   20.95955    0.33215  322.98771
  119  199.75692  292.66155   20.95768    0.32924  321.04277
  120  200.93185  292.71720   20.95587    0.32637  319.13788
  121  202.09665  292.77318   20.95410    0.32355  317.27174
  122  203.25148  292.82948   20.95238    0.32079  315.44313
  123  204.39651  292.88609   20.95070    0.31806  313.65085
  124  205.53191  292.94303   20.94906    0.31539  311.89377
  125  206.65782  293.00028   20.94746    0.31275  310.17082
  126  207.77440  293.05784   20.94590    0.31016  308.48095
  127  208.88181  293.11571   20.94437    0.30761  306.82316
  128  209.98017  293.17388   20.94288    0.30510  305.19652
  129  211.06964  293.23236   20.94143    0.30263  303.60009
  130  212.15034  293.29114   20.94000    0.30020  302.03302
  131  213.22241  293.35022   20.93861    0.29780  300.49445
  132  214.28598  293.40960   20.93725    0.29544  298.98358
  133  215.34118  293.46927   20.93592    0.29311  297.49962
  134  216.38811  293.52923   20.93462    0.29082  296.04185
  135  217.42691  293.58948   20.93335    0.28855  294.60953
  136  218.45769  293.65002   20.93210    0.28633  293.20198
  137  219.48055  293.71085   20.93088    0.28413  291.81853
  138  220.49562  293.77195   20.92968    0.28196  290.45854
  139  221.50299  293.83334   20.92851    0.27983  289.12139
  140  222.50277  293.89501   20.92737    0.27772  287.80650
  141  223.49506  293.95695   20.92624    0.27564  286.51329
  142  224.18190  294.01913   20.89736    0.19079  285.24120
  143  224.86365  294.08150   20.89669    0.18937  284.36729
  144  225.54037  294.14406   20.89603    0.18798  283.50513
  145  226.21211  294.20680   20.89538    0.18660  282.65450
  146  226.87894  294.26973   20.89475    0.18523  281.81515
  147  227.54090  294.33284   20.89412    0.18388  280.98686
  148  228.19804  294.39614   20.89350    0.18254  280.16942
  149  228.85043  294.45962   20.89289    0.18122  279.36261
  150  229.49811  294.52328   20.89229    0.17991  278.56622
  151  230.14113  294.58712   20.89171    0.17862  277.78007
  152  230.77955  294.65113   20.89113    0.17734  277.00394
  153  231.41340  294.71533   20.89055    0.17607  276.23765
  154  232.04275  294.77970   20.88999    0.17482  275.48102
  155  232.66763  294.84424   20.88944    0.17358  274.73386
  156  233.28810  294.90896   20.88889    0.17235  273.99600
  157  233.90420  294.97384   20.88835    0.17114  273.26726
  158  234.51596  295.03890   20.88782    0.16994  272.54748
  159  235.12345  295.10413   20.88730    0.16875  271.83650
  160  235.72670  295.16952   20.88678    0.16757  271.13416
  161  236.32575  295.23509   20.88628    0.16640  270.44030
  162  236.92065  295.30082   20.88578    0.16525  269.75477
  163  237.51144  295.36671   20.88528    0.16411  269.07743
  164  238.39622  295.43281   20.91094    0.24577  268.40812
  165  239.27493  295.49915   20.91012    0.24409  267.41196
  166  240.14763  295.56574   20.90932    0.24242  266.42992
  167  241.01439  295.63257   20.90853    0.24077  265.46171
  168  241.87527  295.69963   20.90775    0.23913  264.50703
  169  242.73035  295.76694   20.90698    0.23752  263.56560
  170  243.57967  295.83448   20.90623    0.23592  262.63712
  171  244.42332  295.90226   20.90549    0.23434  261.72135
  172  245.26133  295.97027   20.90476    0.23278  260.81800
  173  246.09378  296.03852   20.90404    0.23124  259.92683
  174  246.92073  296.10699   20.90334    0.22971  259.04758
  175  247.74223  296.17569   20.90265    0.22819  258.18002
  176  248.55833  296.24462   20.90196    0.22670  257.32392
  177  249.36909  296.31378   20.90129    0.22521  256.47903
  178  250.17458  296.38316   20.90063    0.22375  255.64515
  179  250.97483  296.45277   20.89997    0.22229  254.82206
  180  251.76990  296.52259   20.89933    0.22085  254.00954
  181  252.55985  296.59264   20.89870    0.21943  253.20739
  182  253.34473  296.66290   20.89808    0.21802  252.41542
  183  254.12457  296.73338   20.89746    0.21662  251.63342
  184  254.89944  296.80408   20.89686    0.21524  250.86122
  185  255.66939  296.87499   20.89626    0.21387  250.09862
  186  256.43445  296.94612   20.89567    0.21252  249.34546
  187  257.19467  297.01746   20.89510    0.21117  248.60155
  188  257.95011  297.08901   20.89453    0.20984  247.86672
  189  258.70080  297.16076   20.89396    0.20853  247.14081
  190  259.44680  297.23273   20.89341    0.20722  246.42367
  191  260.18813  297.30490   20.89286    0.20593  245.71512
  192  260.92485  297.37728   20.89232    0.20465  245.01502
  193  261.65701  297.44986   20.89179    0.20338  244.32322
  194  262.38463  297.52264   20.89127    0.20212  243.63957
  195  263.10776  297.59563   20.89075    0.20087  242.96393
  196  263.82645  297.66881   20.89024    0.19963  242.29616
  197  264.54072  297.74219   20.88974    0.19841  241.63612
  198  265.25063  297.81578   20.88924    0.19720  240.98369
  199  265.95621  297.88956   20.88875    0.19599  240.33873
  200  266.65749  297.96353   20.88827    0.19480  239.70112
  201  267.35452  298.03770   20.88779    0.19362  239.07073
  202  268.04732  298.11206   20.88732    0.19245  238.44744
  203  268.73595  298.18661   20.88686    0.19128  237.83114
  204  268.73595  298.26126    7.04089    0.00000   80.17212
  205  268.73595  298.33591    7.04089    0.00000   80.17212
  206  268.73595  298.41056    7.04089    0.00000   80.17212
  207  268.73595  298.48521    7.04089    0.00000   80.17212
  208  268.73595  298.55986    7.04089    0.00000   80.17212
  209  268.73595  298.63451    7.04089    0.00000   80.17212
  210  268.73595  298.70915    7.04089    0.00000   80.17212
  211  268.73595  298.78380    7.04089    0.00000   80.17212
  212  268.73595  298.85845    7.04089    0.00000   80.17212
  213  268.73595  298.93310    7.04089    0.00000   80.17212
  214  268.73595  299.00775    7.04089    0.00000   80.17212
  215  268.73595  299.08240    7.04089    0.00000   80.17212
  216  268.73595  299.15705    7.04089    0.00000   80.17212
  217  268.73595  299.23170    7.04089    0.00000   80.17212
  218  268.73595  299.30635    7.04089    0.00000   80.17212
  219  268.73595  299.38099    7.04089    0.00000   80.17212
  220  268.73595  299.45564    7.04089    0.00000   80.17212
  221  268.73595  299.53029    7.04089    0.00000   80.17212
  222  268.73595  299.60494    7.04089    0.00000   80.17212
  223  268.73595  299.67959    7.04089    0.00000   80.17212
  224  268.73595  299.75424    7.04089    0.00000   80.17212
  225  268.73595  299.82889    7.04089    0.00000   80.17212
  226  268.73595  299.90354    7.04089    0.00000   80.17212
  227  268.73595  299.97819    7.04089    0.00000   80.17212
  228  268.73595  300.05283    7.04089    0.00000   80.17212
  229  268.73595  300.12748    7.04089    0.00000   80.17212
  230  268.73595  300.20213    7.04089    0.00000   80.17212
  231  268.73595  300.27678    7.04089    0.00000   80.17212
  232  268.73595  300.35143    7.04089    0.00000   80.17212
  233  268.73595  300.42608    7.04089    0.00000   80.17212
  234  268.73595  300.50073    7.04089    0.00000   80.17212
  235  268.73595  300.57538    7.04089    0.00000   80.17212
  236  268.73595  300.65003    7.04089    0.00000   80.17212
  237  268.73595  300.72467    7.04089    0.00000   80.17212
  238  268.73595  300.79932    7.04089    0.00000   80.17212
  239  268.73595  300.87397    7.04089    0.00000   80.17212
  240  268.73595  300.94862    7.04089    0.00000   80.17212
  241  268.73595  301.02327    7.04089    0.00000   80.17212
  242  268.73595  301.09792    7.04089    0.00000   80.17212
  243  268.73595  301.17257    7.04089    0.00000   80.17212
  244  268.73595  301.24722    7.04089    0.00000   80.17212
  245  268.73595  301.32187    7.04089    0.00000   80.17212
  246  268.73595  301.39651    7.04089    0.00000   80.17212
  247  268.73595  301.47116    7.04089    0.00000   80.17212
  248  268.73595  301.54581    7.04089    0.00000   80.17212
  249  268.73595  301.62046    7.04089    0.00000   80.17212
  250  268.73595  301.69511    7.04089    0.00000   80.17212
  251  268.73595  301.76976    7.04089    0.00000   80.17212
  252  268.73595  301.84441    7.04089    0.00000   80.17212
  253  268.73595  301.91906    7.04089    0.00000   80.17212
  254  268.73595  301.99371    7.04089    0.00000   80.17212
  255  268.73595  302.06835    7.04089    0.00000   80.17212
  256  268.73595  302.14300    7.04089    0.00000   80.17212
  257  268.73595  302.21765    7.04089    0.00000   80.17212
  258  268.73595  302.29230    7.04089    0.00000   80.17212
  259  268.73595  302.36695    7.04089    0.00000   80.17212
  260  268.73595  302.44160    7.04089    0.00000   80.17212
  261  268.73595  302.51625    7.04089    0.00000   80.17212
  262  268.73595  302.59090    7.04089    0.00000   80.17212
  263  268.73595  302.66555    7.04089    0.00000   80.17212
  264  268.73595  302.74019    7.04089    0.00000   80.17212
  265  268.73595  302.81484    7.04089    0.00000   80.17212
  266  268.73595  302.88949    7.04089    0.00000   80.17212
  267  268.73595  302.96414    7.04089    0.00000   80.17212
  268  268.73595  303.03879    7.04089    0.00000   80.17212
  269  268.73595  303.11344    7.04089    0.00000   80.17212
  270  268.73595  303.18809    7.04089    0.00000   80.17212
  271  268.73595  303.26274    7.04089    0.00000   80.17212
  272  268.73595  303.33738    7.04089    0.00000   80.17212
  273  268.73595  303.41203    7.04089    0.00000   80.17212
  274  268.73595  303.48668    7.04089    0.00000   80.17212
  275  268.73595  303.56133    7.04089    0.00000   80.17212
  276  268.73595  303.63598    7.04089    0.00000   80.17212
  277  268.73595  303.71063    7.04089    0.00000   80.17212
  278  268.73595  303.78528    7.04089    0.00000   80.17212
  279  268.73595  303.85993    7.04089    0.00000   80.17212
  280  268.73595  303.93458    7.04089    0.00000   80.17212
  281  268.73595  304.00922    7.04089    0.00000   80.17212
  282  268.73595  304.08387    7.04089    0.00000   80.17212
  283  268.73595  304.15852    7.04089    0.00000   80.17212
  284  268.73595  304.23317    7.04089    0.00000   80.17212
  285  268.73595  304.30782    7.04089    0.00000   80.17212
  286  268.73595  304.38247    7.04089    0.00000   80.17212
  287  268.73595  304.45712    7.04089    0.00000   80.17212
  288  268.73595  304.53177    7.04089    0.00000   80.17212
  289  268.73595  304.60642    7.04089    0.00000   80.17212
  290  268.73595  304.68106    7.04089    0.00000   80.17212
  291  268.73595  304.75571    7.04089    0.00000   80.17212
  292  268.73595  304.83036    7.04089    0.00000   80.17212
  293  268.73595  304.90501    7.04089    0.00000   80.17212
  294  268.73595  304.97966    7.04089    0.00000   80.17212
  295  268.73595  305.05431    7.04089    0.00000   80.17212
  296  268.73595  305.12896    7.04089    0.00000   80.17212
  297  268.73595  305.20361    7.04089    0.00000   80.17212
  298  268.73595  305.27826    7.04089    0.00000   80.17212
  299  268.73595  305.35290    7.04089    0.00000   80.17212
  300  268.73595  305.42755    7.04089    0.00000   80.17212
  301  268.73595  305.50220    7.04089    0.00000   80.17212
  302  268.73595  305.57685    7.04089    0.00000   80.17212
  303  268.73595  305.65150    7.04089    0.00000   80.17212
  304  268.73595  305.72615    7.04089    0.00000   80.17212
  305  268.73595  305.80080    7.04089    0.00000   80.17212
  306  268.73595  305.87545    7.04089    0.00000   80.17212
  307  268.73595  305.95010    7.04089    0.00000   80.17212
  308  268.73595  306.02474    7.04089    0.00000   80.17212
  309  268.73595  306.09939    7.04089    0.00000   80.17212
  310  268.73595  306.17404    7.04089    0.00000   80.17212
  311  268.73595  306.24869    7.04089    0.00000   80.17212
  312  268.73595  306.32334    7.04089    0.00000   80.17212
  313  268.73595  306.39799    7.04089    0.00000   80.17212
  314  268.73595  306.47264    7.04089    0.00000   80.17212
  315  268.73595  306.54729    7.04089    0.00000   80.17212
  316  268.73595  306.62194    7.04089    0.00000   80.17212
  317  268.73595  306.69658    7.04089    0.00000   80.17212
  318  268.73595  306.77123    0.76433    0.00000    8.70313
  319  268.73595  306.84588    0.76433    0.00000    8.70313
  320  268.73595  306.92053    0.76433    0.00000    8.70313
  321  268.73595  306.99518    0.76433    0.00000    8.70313
  322  268.73595  307.06983    0.76433    0.00000    8.70313
  323  268.73595  307.14448    0.76433    0.00000    8.70313
  324  268.73595  307.21913    0.76433    0.00000    8.70313
  325  268.73595  307.29378    0.76433    0.00000    8.70313
  326  268.73595  307.36842    0.76433    0.00000    8.70313
  327  268.73595  307.44307    0.76433    0.00000    8.70313
  328  268.73595  307.51772    0.76433    0.00000    8.70313
  329  268.73595  307.59237    0.76433    0.00000    8.70313
  330  268.73595  307.66702    0.76433    0.00000    8.70313
  331  268.73595  307.74167    0.76433    0.00000    8.70313
  332  268.73595  307.81632    0.76433    0.00000    8.70313
  333  268.73595  307.89097    0.76433    0.00000    8.70313
  334  268.73595  307.96562    0.76433    0.00000    8.70313
  335  268.73595  308.04026    0.76433    0.00000    8.70313
  336  268.73595  308.11491    0.76433    0.00000    8.70313
  337  268.73595  308.18956    0.76433    0.00000    8.70313
  338  268.73595  308.26421    0.76433    0.00000    8.70313
  339  268.73595  308.33886    0.76433    0.00000    8.70313
  340  268.73595  308.41351    0.76433    0.00000    8.70313
  341  268.73595  308.48816    0.76433    0.00000    8.70313
  342  268.73595  308.56281    0.76433    0.00000    8.70313
  343  268.73595  308.63746    0.76433    0.00000    8.70313
  344  268.73595  308.71210    0.76433    0.00000    8.70313
  345  268.73595  308.78675    0.76433    0.00000    8.70313
  346  268.73595  308.86140    0.76433    0.00000    8.70313
  347  268.73595  308.93605    0.76433    0.00000    8.70313
  348  268.73595  309.01070    0.76433    0.00000    8.70313
  349  268.73595  309.08535    0.76433    0.00000    8.70313
  350  268.73595  309.16000    0.76433    0.00000    8.70313
  351  268.73595  309.23465    0.76433    0.00000    8.70313
  352  268.73595  309.30929    0.76433    0.00000    8.70313
  353  268.73595  309.38394    0.76433    0.00000    8.70313
  354  268.73595  309.45859    0.76433    0.00000    8.70313
  355  268.73595  309.53324    0.76433    0.00000    8.70313
  356  268.73595  309.60789    0.76433    0.00000    8.70313
  357  268.73595  309.68254    0.76433    0.00000    8.70313
  358  268.73595  309.75719    7.04089    0.00000   80.17212
  359  268.73595  309.83184    7.04089    0.00000   80.17212
  360  268.73595  309.90649    7.04089    0.00000   80.17212
  361  268.73595  309.98113    7.04089    0.00000   80.17212
  362  268.73595  310.05578    7.04089    0.00000   80.17212
  363  268.73595  310.13043    7.04089    0.00000   80.17212
  364  268.73595  310.20508    7.04089    0.00000   80.17212
  365  268.73595  310.27973    7.04089    0.00000   80.17212
  366  268.73595  310.35438    7.04089    0.00000   80.17212
  367  268.73595  310.42903    7.04089    0.00000   80.17212
  368  268.73595  310.50368    7.04089    0.00000   80.17212
  369  268.73595  310.57833    7.04089    0.00000   80.17212
  370  268.73595  310.65297    7.04089    0.00000   80.17212
  371  268.73595  310.72762    7.04089    0.00000   80.17212
  372  268.73595  310.80227    7.04089    0.00000   80.17212
  373  268.73595  310.87692    7.04089    0.00000   80.17212
  374  268.73595  310.95157    7.04089    0.00000   80.17212
  375  268.73595  311.02622    7.04089    0.00000   80.17212
  376  268.73595  311.10087    7.04089    0.00000   80.17212
  377  268.73595  311.17552    7.04089    0.00000   80.17212
  378  268.73595  311.25017    7.04089    0.00000   80.17212
  379  268.73595  311.32481    7.04089    0.00000   80.17212
  380  268.73595  311.39946    7.04089    0.00000   80.17212
  381  268.73595  311.47411    7.04089    0.00000   80.17212
  382  268.73595  311.54876    7.04089    0.00000   80.17212
  383  268.73595  311.62341    7.04089    0.00000   80.17212
  384  268.73595  311.69806    7.04089    0.00000   80.17212
  385  268.73595  311.77271    7.04089    0.00000   80.17212
  386  268.73595  311.84736    7.04089    0.00000   80.17212
  387  268.73595  311.92201    7.04089    0.00000   80.17212
  388  268.73595  311.99665    7.04089    0.00000   80.17212
  389  268.73595  312.07130    7.04089    0.00000   80.17212
  390  268.73595  312.14595    7.04089    0.00000   80.17212
  391  268.73595  312.22060    7.04089    0.00000   80.17212
  392  268.73595  312.29525    7.04089    0.00000   80.17212
  393  268.73595  312.36990    7.04089    0.00000   80.17212
  394  268.73595  312.44455    7.04089    0.00000   80.17212
  395  268.73595  312.51920    7.04089    0.00000   80.17212
  396  268.73595  312.59385    7.04089    0.00000   80.17212
  397  268.73595  312.66849    7.04089    0.00000   80.17212
  398  268.73595  312.74314    7.04089    0.00000   80.17212
  399  268.73595  312.81779    7.04089    0.00000   80.17212
  400  268.73595  312.89244    7.04089    0.00000   80.17212
  401  268.73595  312.96709    7.04089    0.00000   80.17212
  402  268.73595  313.04174    7.04089    0.00000   80.17212
  403  268.73595  313.11639    7.04089    0.00000   80.17212
  404  268.73595  313.19104    7.04089    0.00000   80.17212
  405  268.73595  313.26569    7.04089    0.00000   80.17212
  406  268.73595  313.34033    7.04089    0.00000   80.17212
  407  268.73595  313.41498    7.04089    0.00000   80.17212
  408  268.73595  313.48963    7.04089    0.00000   80.17212
  409  268.73595  313.56428    7.04089    0.00000   80.17212
  410  268.73595  313.63893    7.04089    0.00000   80.17212
  411  268.73595  313.71358    7.04089    0.00000   80.17212
  412  268.73595  313.78823    7.04089    0.00000   80.17212
  413  268.73595  313.86288    7.04089    0.00000   80.17212
  414  268.73595  313.93753    7.04089    0.00000   80.17212
  415  268.73595  314.01217    7.04089    0.00000   80.17212
  416  268.73595  314.08682    7.04089    0.00000   80.17212
  417  268.73595  314.16147    7.04089    0.00000   80.17212
  418  268.73595  314.23612    7.04089    0.00000   80.17212
  419  268.73595  314.31077    7.04089    0.00000   80.17212
  420  268.73595  314.38542    7.04089    0.00000   80.17212
  421  268.73595  314.46007    7.04089    0.00000   80.17212
  422  268.73595  314.53472    7.04089    0.00000   80.17212
  423  268.73595  314.60937    7.04089    0.00000   80.17212
  424  268.73595  314.68401    7.04089    0.00000   80.17212
  425  268.73595  314.75866    7.04089    0.00000   80.17212
  426  268.73595  314.83331    7.04089    0.00000   80.17212
  427  268.73595  314.90796    7.04089    0.00000   80.17212
  428  268.73595  314.98261    7.04089    0.00000   80.17212
  429  268.73595  315.05726    7.04089    0.00000   80.17212
  430  268.73595  315.13191    7.04089    0.00000   80.17212
  431  268.73595  315.20656    7.04089    0.00000   80.17212
  432  268.73595  315.28120    7.04089    0.00000   80.17212
  433  268.73595  315.35585    7.04089    0.00000   80.17212
  434  268.73595  315.43050    7.04089    0.00000   80.17212
  435  268.73595  315.50515    7.04089    0.00000   80.17212
  436  268.73595  315.57980    7.04089    0.00000   80.17212
  437  268.73595  315.65445    7.04089    0.00000   80.17212
  438  268.73595  315.72910    7.04089    0.00000   80.17212
  439  268.73595  315.80375    7.04089    0.00000   80.17212
  440  268.73595  315.87840    7.04089    0.00000   80.17212
  441  268.73595  315.95304    7.04089    0.00000   80.17212
  442  268.73595  316.02769   12.96164    0.00000  147.58958
  443  268.73595  316.10234   12.96164    0.00000  147.58958
  444  268.73595  316.17699   12.96164    0.00000  147.58958
  445  268.73595  316.25164   12.96164    0.00000  147.58958
  446  268.73595  316.32629   12.96164    0.00000  147.58958
  447  268.73595  316.40094   12.96164    0.00000  147.58958
  448  268.73595  316.47559   12.96164    0.00000  147.58958
  449  268.73595  316.55024   12.96164    0.00000  147.58958
  450  268.73595  316.62488   12.96164    0.00000  147.58958
  451  268.73595  316.69953   12.96164    0.00000  147.58958
  452  268.73595  316.77418   12.96164    0.00000  147.58958
  453  268.73595  316.84883   12.96164    0.00000  147.58958
  454  268.73595  316.92348   12.96164    0.00000  147.58958
  455  268.73595  316.99813   12.96164    0.00000  147.58958
  456  268.73595  317.07278   12.96164    0.00000  147.58958
  457  268.73595  317.14743   12.96164    0.00000  147.58958
  458  268.73595  317.22208   12.96164    0.00000  147.58958
  459  268.73595  317.29672   12.96164    0.00000  147.58958
  460  268.73595  317.37137   12.96164    0.00000  147.58958
  461  268.73595  317.44602    7.04089    0.00000   80.17212
  462  268.73595  317.52067    7.04089    0.00000   80.17212
  463  268.73595  317.59532    7.04089    0.00000   80.17212
  464  268.73595  317.66997    7.04089    0.00000   80.17212
  465  268.73595  317.74462    7.04089    0.00000   80.17212
  466  268.73595  317.81927    7.04089    0.00000   80.17212
  467  268.73595  317.89392    7.04089    0.00000   80.17212
  468  268.73595  317.96856    7.04089    0.00000   80.17212
  469  268.73595  318.04321    7.04089    0.00000   80.17212
  470  268.73595  318.11786    7.04089    0.00000   80.17212
  471  268.73595  318.19251    7.04089    0.00000   80.17212
  472  268.73595  318.26716    7.04089    0.00000   80.17212
  473  268.73595  318.34181    7.04089    0.00000   80.17212
  474  268.73595  318.41646    7.04089    0.00000   80.17212
  475  268.73595  318.49111    7.04089    0.00000   80.17212
  476  268.73595  318.56576    7.04089    0.00000   80.17212
  477  268.73595  318.64040    7.04089    0.00000   80.17212
  478  268.73595  318.71505    7.04089    0.00000   80.17212
  479  268.73595  318.78970    7.04089    0.00000   80.17212
  480  268.73595  318.86435    7.04089    0.00000   80.17212
  481  268.73595  318.93900    7.04089    0.00000   80.17212
  482  268.73595  319.01365    7.04089    0.00000   80.17212
  483  268.73595  319.08830    7.04089    0.00000   80.17212
  484  268.73595  319.16295    7.04089    0.00000   80.17212
  485  268.73595  319.23760    7.04089    0.00000   80.17212
  486  268.73595  319.31224    7.04089    0.00000   80.17212
  487  268.73595  319.38689    7.04089    0.00000   80.17212
  488  268.73595  319.46154    7.04089    0.00000   80.17212
  489  268.73595  319.53619    7.04089    0.00000   80.17212
  490  268.73595  319.61084    7.04089    0.00000   80.17212
  491  268.73595  319.68549    7.04089    0.00000   80.17212
  492  268.73595  319.76014    7.04089    0.00000   80.17212
  493  268.73595  319.83479    7.04089    0.00000   80.17212
  494  268.73595  319.90944    7.04089    0.00000   80.17212
  495  268.73595  319.98408    7.04089    0.00000   80.17212
  496  268.73595  320.05873    7.04089    0.00000   80.17212
  497  268.73595  320.13338    7.04089    0.00000   80.17212
  498  268.73595  320.20803    7.04089    0.00000   80.17212
  499  268.73595  320.28268    7.04089    0.00000   80.17212
  500  268.73595  320.35733    7.04089    0.00000   80.17212
  501  268.73595  320.43198    7.04089    0.00000   80.17212
  502  268.73595  320.50663    7.04089    0.00000   80.17212
  503  268.73595  320.58127    7.04089    0.00000   80.17212
  504  268.73595  320.65592    7.04089    0.00000   80.17212
  505  268.73595  320.73057    7.04089    0.00000   80.17212
  506  268.73595  320.80522    7.04089    0.00000   80.17212
  507  268.73595  320.87987    7.04089    0.00000   80.17212
  508  268.73595  320.95452    7.04089    0.00000   80.17212
  509  268.73595  321.02917    7.04089    0.00000   80.17212
  510  268.73595  321.10382    7.04089    0.00000   80.17212
  511  268.73595  321.17847    7.04089    0.00000   80.17212
  512  268.73595  321.25311    7.04089    0.00000   80.17212
  513  268.73595  321.32776    7.04089    0.00000   80.17212
  514  268.73595  321.40241    7.04089    0.00000   80.17212
  515  268.73595  321.47706    7.04089    0.00000   80.17212
  516  268.73595  321.55171    7.04089    0.00000   80.17212
  517  268.73595  321.62636    7.04089    0.00000   80.17212
  518  268.73595  321.70101    7.04089    0.00000   80.17212
  519  268.73595  321.77566    7.04089    0.00000   80.17212
  520  268.73595  321.85031    7.04089    0.00000   80.17212
  521  268.73595  321.92495    7.04089    0.00000   80.17212
  522  268.73595  321.99960    7.04089    0.00000   80.17212
  523  268.73595  322.07425    7.04089    0.00000   80.17212
  524  268.73595  322.14890    7.04089    0.00000   80.17212
  525  268.73595  322.22355    7.04089    0.00000   80.17212
  526  268.73595  322.29820    7.04089    0.00000   80.17212
  527  268.73595  322.37285    7.04089    0.00000   80.17212
  528  268.73595  322.44750    7.04089    0.00000   80.17212
  529  268.73595  322.52215    7.04089    0.00000   80.17212
  530  268.73595  322.59679    7.04089    0.00000   80.17212
  531  268.73595  322.67144    7.04089    0.00000   80.17212
  532  268.73595  322.74609    7.04089    0.00000   80.17212
  533  268.73595  322.82074    7.04089    0.00000   80.17212
  534  268.73595  322.89539    7.04089    0.00000   80.17212
  535  268.73595  322.97004    7.04089    0.00000   80.17212
  536  268.73595  323.04469    7.04089    0.00000   80.17212
  537  268.73595  323.11934    7.04089    0.00000   80.17212
  538  268.73595  323.19399    7.04089    0.00000   80.17212
  539  268.73595  323.26863    7.04089    0.00000   80.17212
  540  268.73595  323.34328    7.04089    0.00000   80.17212
  541  268.73595  323.41793    7.04089    0.00000   80.17212
  542  268.73595  323.49258    7.04089    0.00000   80.17212
  543  268.73595  323.56723    7.04089    0.00000   80.17212
  544  268.73595  323.64188    7.04089    0.00000   80.17212
  545  268.73595  323.71653    7.04089    0.00000   80.17212
  546  268.73595  323.79118    7.04089    0.00000   80.17212
  547  268.73595  323.86583    7.04089    0.00000   80.17212
  548  268.73595  323.94047    7.04089    0.00000   80.17212
  549  268.73595  324.01512    7.04089    0.00000   80.17212
  550  268.73595  324.08977    7.04089    0.00000   80.17212
  551  268.73595  324.16442    7.04089    0.00000   80.17212
  552  268.73595  324.23907    7.04089    0.00000   80.17212
  553  268.73595  324.31372    7.04089    0.00000   80.17212
  554  268.73595  324.38837    7.04089    0.00000   80.17212
  555  268.73595  324.46302    7.04089    0.00000   80.17212
  556  268.73595  324.53767    7.04089    0.00000   80.17212
  557  268.73595  324.61231    7.04089    0.00000   80.17212
  558  268.73595  324.68696    7.04089    0.00000   80.17212
  559  268.73595  324.76161    7.04089    0.00000   80.17212
  560  268.73595  324.83626    7.04089    0.00000   80.17212
  561  268.73595  324.91091    7.04089    0.00000   80.17212
  562  268.73595  324.98556    7.04089    0.00000   80.17212
  563  268.73595  325.06021    7.04089    0.00000   80.17212
  564  268.73595  325.13486    7.04089    0.00000   80.17212
  565  268.73595  325.20951    7.04089    0.00000   80.17212
  566  268.73595  325.28415    7.04089    0.00000   80.17212
  567  268.73595  325.35880    7.04089    0.00000   80.17212
  568  268.73595  325.43345    7.04089    0.00000   80.17212
  569  268.73595  325.50810    7.04089    0.00000   80.17212
  570  268.73595  325.58275    7.04089    0.00000   80.17212
  571  268.73595  325.65740    7.04089    0.00000   80.17212
  572  268.73595  325.73205    7.04089    0.00000   80.17212
  573  268.73595  325.80670    7.04089    0.00000   80.17212
  574  268.73595  325.88135    7.04089    0.00000   80.17212
  575  268.73595  325.95599    7.04089    0.00000   80.17212
  576  268.73595  326.03064    7.04089    0.00000   80.17212
  577  268.73595  326.10529    7.04089    0.00000   80.17212
  578  268.73595  326.17994    7.04089    0.00000   80.17212
  579  268.38653  326.25454    0.00000   -0.09706    0.00000
  580  268.03787  326.32904    0.00000   -0.09685    0.00000
  581  267.68996  326.40345    0.00000   -0.09664    0.00000
  582  267.34281  326.47776    0.00000   -0.09643    0.00000
  583  266.99640  326.55197    0.00000   -0.09622    0.00000
  584  266.65074  326.62609    0.00000   -0.09602    0.00000
  585  266.30583  326.70011    0.00000   -0.09581    0.00000
  586  265.96166  326.77404    0.00000   -0.09560    0.00000
  587  265.61823  326.84787    0.00000   -0.09540    0.00000
  588  265.27553  326.92161    0.00000   -0.09519    0.00000
  589  264.93357  326.99525    0.00000   -0.09499    0.00000
  590  264.59235  327.06879    0.00000   -0.09479    0.00000
  591  264.25185  327.14224    0.00000   -0.09458    0.00000
  592  263.91208  327.21560    0.00000   -0.09438    0.00000
  593  262.84223  327.28876   -0.01260   -0.29718   -0.20300
  594  261.77465  327.36162   -0.01255   -0.29655   -0.20300
  595  260.70934  327.43419   -0.01250   -0.29592   -0.20300
  596  259.64629  327.50646   -0.01245   -0.29529   -0.20300
  597  258.58548  327.57844   -0.01239   -0.29467   -0.20300
  598  257.52690  327.65012   -0.01234   -0.29405   -0.20300
  599  256.47053  327.72151   -0.01229   -0.29343   -0.20300
  600  255.41638  327.79260   -0.01224   -0.29282   -0.20300
  601  254.36441  327.86341   -0.01219   -0.29221   -0.20300
  602  253.31463  327.93392   -0.01214   -0.29161   -0.20300
  603  252.26702  328.00414   -0.01209   -0.29100   -0.20300
  604  251.22156  328.07407   -0.01204   -0.29040   -0.20300
  605  250.17826  328.14371   -0.01199   -0.28981   -0.20300
  606  249.13708  328.21305   -0.01194   -0.28922   -0.20300
  607  248.09803  328.28211   -0.01189   -0.28863   -0.20300
  608  247.06109  328.35089   -0.01184   -0.28804   -0.20300
  609  246.02625  328.41937   -0.01179   -0.28746   -0.20300
  610  244.99349  328.48757   -0.01174   -0.28688   -0.20300
  611  243.96282  328.55548   -0.01169   -0.28630   -0.20300
  612  242.93420  328.62310   -0.01164   -0.28573   -0.20300
  613  241.90764  328.69044   -0.01159   -0.28516   -0.20300
  614  240.88313  328.75750   -0.01155   -0.28459   -0.20300
  615  239.86064  328.82427   -0.01150   -0.28402   -0.20300
  616  238.84018  328.89075   -0.01145   -0.28346   -0.20300
  617  237.82172  328.95696   -0.01140   -0.28290   -0.20300
  618  236.80526  329.02288   -0.01135   -0.28235   -0.20300
  619  235.79079  329.08852   -0.01130   -0.28180   -0.20300
  620  234.77830  329.15387   -0.01125   -0.28125   -0.20300
  621  233.76777  329.21895   -0.01120   -0.28070   -0.20300
  622  232.75920  329.28374   -0.01116   -0.28016   -0.20300
  623  231.75257  329.34826   -0.01111   -0.27962   -0.20300
  624  230.74788  329.41249   -0.01106   -0.27908   -0.20300
  625  229.74511  329.47645   -0.01101   -0.27855   -0.20300
  626  228.74425  329.54013   -0.01096   -0.27802   -0.20300
  627  227.74529  329.60353   -0.01092   -0.27749   -0.20300
  628  226.74823  329.66666   -0.01087   -0.27696   -0.20300
  629  225.75304  329.72950   -0.01082   -0.27644   -0.20300
  630  224.75973  329.79208   -0.01077   -0.27592   -0.20300
  631  223.76828  329.85437   -0.01073   -0.27540   -0.20300
  632  222.77868  329.91639   -0.01068   -0.27489   -0.20300
  633  221.79092  329.97814   -0.01063   -0.27438   -0.20300
  634  220.80500  330.03961   -0.01058   -0.27387   -0.20300
  635  219.82089  330.10081   -0.01054   -0.27336   -0.20300
  636  218.83859  330.16173   -0.01049   -0.27286   -0.20300
  637  217.85810  330.22238   -0.01044   -0.27236   -0.20300
  638  216.87940  330.28276   -0.01040   -0.27186   -0.20300
  639  215.90248  330.34287   -0.01035   -0.27137   -0.20300
  640  214.92733  330.40271   -0.01030   -0.27087   -0.20300
  641  213.95394  330.46228   -0.01026   -0.27039   -0.20300
  642  212.98231  330.52157   -0.01021   -0.26990   -0.20300
  643  212.01242  330.58060   -0.01016   -0.26941   -0.20300
  644  211.04426  330.63936   -0.01012   -0.26893   -0.20300
  645  210.07783  330.69785   -0.01007   -0.26845   -0.20300
  646  209.11311  330.75607   -0.01002   -0.26798   -0.20300
  647  208.15010  330.81402   -0.00998   -0.26750   -0.20300
  648  207.18878  330.87171   -0.00993   -0.26703   -0.20300
  649  206.22915  330.92913   -0.00988   -0.26656   -0.20300
  650  205.27120  330.98628   -0.00984   -0.26610   -0.20300
  651  204.31492  331.04317   -0.00979   -0.26563   -0.20300
  652  203.36030  331.09979   -0.00975   -0.26517   -0.20300
  653  202.40733  331.15615   -0.00970   -0.26471   -0.20300
  654  201.45600  331.21224   -0.00966   -0.26426   -0.20300
  655  200.50630  331.26807   -0.00961   -0.26380   -0.20300
  656  199.55823  331.32363   -0.00957   -0.26335   -0.20300
  657  198.61177  331.37893   -0.00952   -0.26291   -0.20300
  658  197.66692  331.43397   -0.00947   -0.26246   -0.20300
  659  196.72366  331.48875   -0.00943   -0.26202   -0.20300
  660  195.78199  331.54326   -0.00938   -0.26157   -0.20300
  661  194.84191  331.59751   -0.00934   -0.26114   -0.20300
  662  193.90339  331.65151   -0.00929   -0.26070   -0.20300
  663  192.96644  331.70524   -0.00925   -0.26026   -0.20300
  664  192.03104  331.75871   -0.00920   -0.25983   -0.20300
  665  191.09719  331.81192   -0.00916   -0.25940   -0.20300
  666  190.16487  331.86488   -0.00911   -0.25898   -0.20300
  667  189.23409  331.91757   -0.00907   -0.25855   -0.20300
  668  188.30482  331.97001   -0.00903   -0.25813   -0.20300
  669  187.37707  332.02218   -0.00898   -0.25771   -0.20300
  670  186.45082  332.07410   -0.00894   -0.25729   -0.20300
  671  185.52606  332.12577   -0.00889   -0.25688   -0.20300
  672  184.60280  332.17718   -0.00885   -0.25646   -0.20300
  673  183.68101  332.22833   -0.00880   -0.25605   -0.20300
  674  182.76070  332.27922   -0.00876   -0.25564   -0.20300
  675  181.84184  332.32986   -0.00872   -0.25524   -0.20300
  676  180.92444  332.38024   -0.00867   -0.25483   -0.20300
  677  180.00849  332.43037   -0.00863   -0.25443   -0.20300
  678  179.09398  332.48025   -0.00858   -0.25403   -0.20300
  679  178.18090  332.52987   -0.00854   -0.25363   -0.20300
  680  177.26925  332.57924   -0.00850   -0.25324   -0.20300
  681  176.35901  332.62835   -0.00845   -0.25284   -0.20300
  682  175.45017  332.67722   -0.00841   -0.25245   -0.20300
  683  174.54274  332.72583   -0.00837   -0.25206   -0.20300
  684  173.63670  332.77418   -0.00832   -0.25168   -0.20300
  685  172.73204  332.82229   -0.00828   -0.25129   -0.20300
  686  171.82876  332.87015   -0.00824   -0.25091   -0.20300
  687  170.92685  332.91775   -0.00819   -0.25053   -0.20300
  688  170.02630  332.96511   -0.00815   -0.25015   -0.20300
  689  169.12711  333.01221   -0.00811   -0.24978   -0.20300
  690  168.22926  333.05907   -0.00806   -0.24940   -0.20300
  691  167.33275  333.10567   -0.00802   -0.24903   -0.20300
  692  166.43758  333.15203   -0.00798   -0.24866   -0.20300
  693  165.54372  333.19814   -0.00793   -0.24829   -0.20300
  694  164.65119  333.24400   -0.00789   -0.24793   -0.20300
  695  163.75996  333.28961   -0.00785   -0.24756   -0.20300
  696  162.87004  333.33498   -0.00781   -0.24720   -0.20300
  697  161.98141  333.38009   -0.00776   -0.24684   -0.20300
  698  161.09407  333.42497   -0.00772   -0.24648   -0.20300
  699  160.20802  333.46959   -0.00768   -0.24613   -0.20300
  700  159.32323  333.51397   -0.00764   -0.24577   -0.20300
  701  158.43971  333.55810   -0.00759   -0.24542   -0.20300
  702  157.55745  333.60199   -0.00755   -0.24507   -0.20300
  703  156.67645  333.64564   -0.00751   -0.24472   -0.20300
  704  155.79668  333.68903   -0.00747   -0.24438   -0.20300
  705  154.91816  333.73219   -0.00743   -0.24403   -0.20300
  706  154.04087  333.77510   -0.00738   -0.24369   -0.20300
  707  153.16480  333.81777   -0.00734   -0.24335   -0.20300
  708  152.28995  333.86019   -0.00730   -0.24301   -0.20300
  709  151.41631  333.90237   -0.00726   -0.24268   -0.20300
  710  150.54388  333.94431   -0.00722   -0.24234   -0.20300
  711  149.67264  333.98601   -0.00717   -0.24201   -0.20300
  712  148.80259  334.02746   -0.00713   -0.24168   -0.20300
  713  147.93373  334.06868   -0.00709   -0.24135   -0.20300
  714  147.06604  334.10965   -0.00705   -0.24102   -0.20300
  715  146.19952  334.15038   -0.00701   -0.24070   -0.20300
  716  145.33417  334.19087   -0.00697   -0.24038   -0.20300
  717  144.46997  334.23112   -0.00692   -0.24005   -0.20300
  718  143.60693  334.27113   -0.00688   -0.23974   -0.20300
  719  142.74502  334.31090   -0.00684   -0.23942   -0.20300
  720  141.88426  334.35044   -0.00680   -0.23910   -0.20300
  721  141.02462  334.38973   -0.00676   -0.23879   -0.20300
  722  140.16611  334.42878   -0.00672   -0.23848   -0.20300
  723  139.30872  334.46760   -0.00668   -0.23816   -0.20300
  724  138.45244  334.50618   -0.00664   -0.23786   -0.20300
  725  137.59726  334.54452   -0.00660   -0.23755   -0.20300
  726  136.74318  334.58262   -0.00655   -0.23724   -0.20300
  727  135.89020  334.62049   -0.00651   -0.23694   -0.20300
  728  135.03830  334.65811   -0.00647   -0.23664   -0.20300
  729  134.18748  334.69551   -0.00643   -0.23634   -0.20300
  730  133.33773  334.73266   -0.00639   -0.23604   -0.20300
  731  132.48905  334.76958   -0.00635   -0.23574   -0.20300
  732  131.64143  334.80627   -0.00631   -0.23545   -0.20300
  733  130.79487  334.84272   -0.00627   -0.23516   -0.20300
  734  129.94935  334.87893   -0.00623   -0.23487   -0.20300
  735  129.10488  334.91491   -0.00619   -0.23458   -0.20300
  736  128.26144  334.95066   -0.00615   -0.23429   -0.20300
  737  127.41903  334.98617   -0.00611   -0.23400   -0.20300
  738  126.57765  335.02145   -0.00607   -0.23372   -0.20300
  739  125.73729  335.05649   -0.00603   -0.23343   -0.20300
  740  124.89793  335.09130   -0.00599   -0.23315   -0.20300
  741  124.05959  335.12588   -0.00595   -0.23287   -0.20300
  742  123.22224  335.16022   -0.00591   -0.23260   -0.20300
  743  122.38589  335.19433   -0.00587   -0.23232   -0.20300
  744  121.55053  335.22822   -0.00583   -0.23205   -0.20300
  745  120.71615  335.26186   -0.00579   -0.23177   -0.20300
  746  119.88274  335.29528   -0.00575   -0.23150   -0.20300
  747  119.05031  335.32846   -0.00571   -0.23123   -0.20300
  748  118.21884  335.36142   -0.00567   -0.23096   -0.20300
  749  117.38834  335.39414   -0.00563   -0.23070   -0.20300
  750  116.55878  335.42663   -0.00559   -0.23043   -0.20300
  751  115.73017  335.45890   -0.00555   -0.23017   -0.20300
  752  114.90251  335.49093   -0.00551   -0.22991   -0.20300
  753  114.07578  335.52273   -0.00547   -0.22965   -0.20300
  754  113.24998  335.55431   -0.00543   -0.22939   -0.20300
  755  112.42511  335.58565   -0.00539   -0.22913   -0.20300
  756  111.60115  335.61676   -0.00535   -0.22888   -0.20300
  757  110.77811  335.64765   -0.00531   -0.22862   -0.20300
  758  109.95598  335.67831   -0.00527   -0.22837   -0.20300
  759  109.13475  335.70874   -0.00523   -0.22812   -0.20300
  760  108.31442  335.73894   -0.00519   -0.22787   -0.20300
  761  107.49497  335.76891   -0.00515   -0.22762   -0.20300
  762  106.67642  335.79866   -0.00511   -0.22738   -0.20300
  763  105.85874  335.82818   -0.00507   -0.22713   -0.20300
  764  105.04194  335.85747   -0.00503   -0.22689   -0.20300
  765  104.22601  335.88653   -0.00500   -0.22665   -0.20300
  766  103.41095  335.91537   -0.00496   -0.22641   -0.20300
  767  102.59674  335.94398   -0.00492   -0.22617   -0.20300
  768  101.78339  335.97237   -0.00488   -0.22593   -0.20300
  769  100.97088  336.00053   -0.00484   -0.22570   -0.20300
  770  100.15922  336.02846   -0.00480   -0.22546   -0.20300
  771   99.34839  336.05617   -0.00476   -0.22523   -0.20300
  772   98.53840  336.08366   -0.00472   -0.22500   -0.20300
  773   97.72923  336.11092   -0.00468   -0.22477   -0.20300
  774   96.92088  336.13795   -0.00465   -0.22454   -0.20300
  775   96.11335  336.16476   -0.00461   -0.22431   -0.20300
  776   95.30663  336.19135   -0.00457   -0.22409   -0.20300
  777   94.50072  336.21771   -0.00453   -0.22386   -0.20300
  778   93.69561  336.24385   -0.00449   -0.22364   -0.20300
  779   92.89129  336.26976   -0.00445   -0.22342   -0.20300
  780   92.08777  336.29546   -0.00441   -0.22320   -0.20300
  781   91.28502  336.32092   -0.00438   -0.22298   -0.20300
  782   90.48306  336.34617   -0.00434   -0.22277   -0.20300
  783   89.68187  336.37119   -0.00430   -0.22255   -0.20300
  784   88.88146  336.39599   -0.00426   -0.22234   -0.20300
  785   88.08181  336.42057   -0.00422   -0.22213   -0.20300
  786   87.28291  336.44493   -0.00418   -0.22191   -0.20300
  787   86.48478  336.46906   -0.00415   -0.22170   -0.20300
  788   85.68739  336.49297   -0.00411   -0.22150   -0.20300
  789   84.89074  336.51667   -0.00407   -0.22129   -0.20300
  790   84.09484  336.54014   -0.00403   -0.22108   -0.20300
  791   83.29967  336.56339   -0.00399   -0.22088   -0.20300
  792   82.50523  336.58641   -0.00395   -0.22068   -0.20300
  793   81.71152  336.60922   -0.00392   -0.22048   -0.20300
  794   80.91852  336.63181   -0.00388   -0.22028   -0.20300
  795   80.12624  336.65418   -0.00384   -0.22008   -0.20300
  796   79.33467  336.67632   -0.00380   -0.21988   -0.20300
  797   78.54381  336.69825   -0.00376   -0.21968   -0.20300
  798   77.75364  336.71996   -0.00373   -0.21949   -0.20300
  799   76.96417  336.74145   -0.00369   -0.21930   -0.20300
  800   76.17539  336.76272   -0.00365   -0.21911   -0.20300
  801   75.38730  336.78377   -0.00361   -0.21891   -0.20300
  802   74.59989  336.80460   -0.00358   -0.21873   -0.20300
  803   73.81316  336.82521   -0.00354   -0.21854   -0.20300
  804   73.02709  336.84561   -0.00350   -0.21835   -0.20300
  805   72.24170  336.86578   -0.00346   -0.21817   -0.20300
  806   71.45696  336.88574   -0.00343   -0.21798   -0.20300
  807   70.67289  336.90548   -0.00339   -0.21780   -0.20300
  808   69.88946  336.92500   -0.00335   -0.21762   -0.20300
  809   69.10668  336.94431   -0.00331   -0.21744   -0.20300
  810   68.32455  336.96340   -0.00327   -0.21726   -0.20300
  811   67.54306  336.98227   -0.00324   -0.21708   -0.20300
  812   66.76220  337.00092   -0.00320   -0.21691   -0.20300
  813   65.98197  337.01936   -0.00316   -0.21673   -0.20300
  814   65.20236  337.03758   -0.00313   -0.21656   -0.20300
  815   64.42337  337.05558   -0.00309   -0.21639   -0.20300
  816   63.64500  337.07337   -0.00305   -0.21621   -0.20300
  817   62.86724  337.09094   -0.00301   -0.21604   -0.20300
  818   62.09009  337.10829   -0.00298   -0.21588   -0.20300
  819   61.31354  337.12543   -0.00294   -0.21571   -0.20300
  820   60.53758  337.14236   -0.00290   -0.21554   -0.20300
  821   59.76222  337.15907   -0.00286   -0.21538   -0.20300
  822   58.98745  337.17556   -0.00283   -0.21521   -0.20300
  823   58.21326  337.19184   -0.00279   -0.21505   -0.20300
  824   57.43965  337.20790   -0.00275   -0.21489   -0.20300
  825   56.66661  337.22375   -0.00272   -0.21473   -0.20300
  826   55.89415  337.23938   -0.00268   -0.21457   -0.20300
  827   55.12225  337.25480   -0.00264   -0.21442   -0.20300
  828   54.35091  337.27000   -0.00261   -0.21426   -0.20300
  829   53.58013  337.28500   -0.00257   -0.21411   -0.20300
  830   52.80990  337.29977   -0.00253   -0.21395   -0.20300
  831   52.04022  337.31433   -0.00249   -0.21380   -0.20300
  832   51.27108  337.32868   -0.00246   -0.21365   -0.20300
  833   50.50249  337.34282   -0.00242   -0.21350   -0.20300
  834   49.73442  337.35674   -0.00238   -0.21335   -0.20300
  835   48.96689  337.37045   -0.00235   -0.21320   -0.20300
  836   48.19989  337.38394   -0.00231   -0.21306   -0.20300
  837   47.43340  337.39723   -0.00227   -0.21291   -0.20300
  838   46.66744  337.41030   -0.00224   -0.21277   -0.20300
  839   45.90199  337.42315   -0.00220   -0.21263   -0.20300
  840   45.13704  337.43580   -0.00216   -0.21248   -0.20300
  841   44.37261  337.44823   -0.00213   -0.21234   -0.20300
  842   43.60867  337.46045   -0.00209   -0.21220   -0.20300
  843   42.84523  337.47246   -0.00205   -0.21207   -0.20300
  844   42.08228  337.48425   -0.00202   -0.21193   -0.20300
  845   41.31981  337.49584   -0.00198   -0.21179   -0.20300
  846   40.55784  337.50721   -0.00194   -0.21166   -0.20300
  847   39.79634  337.51837   -0.00191   -0.21153   -0.20300
  848   39.03531  337.52932   -0.00187   -0.21140   -0.20300
  849   38.27476  337.54005   -0.00183   -0.21126   -0.20300
  850   37.51467  337.55058   -0.00180   -0.21114   -0.20300
  851   36.75505  337.56090   -0.00176   -0.21101   -0.20300
  852   35.99588  337.57100   -0.00173   -0.21088   -0.20300
  853   35.23717  337.58089   -0.00169   -0.21075   -0.20300
  854   34.47891  337.59058   -0.00165   -0.21063   -0.20300
  855   33.72109  337.60005   -0.00162   -0.21050   -0.20300
  856   32.96372  337.60931   -0.00158   -0.21038   -0.20300
  857   32.20678  337.61836   -0.00154   -0.21026   -0.20300
  858   31.45027  337.62720   -0.00151   -0.21014   -0.20300
  859   30.69420  337.63583   -0.00147   -0.21002   -0.20300
  860   29.93855  337.64426   -0.00143   -0.20990   -0.20300
  861   29.18332  337.65247   -0.00140   -0.20979   -0.20300
  862   28.42851  337.66047   -0.00136   -0.20967   -0.20300
  863   27.67411  337.66826   -0.00133   -0.20956   -0.20300
  864   26.92012  337.67584   -0.00129   -0.20944   -0.20300
  865   26.16654  337.68322   -0.00125   -0.20933   -0.20300
  866   25.41335  337.69038   -0.00122   -0.20922   -0.20300
  867   24.66056  337.69733   -0.00118   -0.20911   -0.20300
  868   23.90817  337.70408   -0.00115   -0.20900   -0.20300
  869   23.15616  337.71062   -0.00111   -0.20889   -0.20300
  870   22.40454  337.71694   -0.00107   -0.20878   -0.20300
  871   21.65330  337.72306   -0.00104   -0.20868   -0.20300
  872   20.90243  337.72897   -0.00100   -0.20857   -0.20300
  873   20.15194  337.73468   -0.00097   -0.20847   -0.20300
  874   19.40181  337.74017   -0.00093   -0.20837   -0.20300
  875   18.65205  337.74546   -0.00089   -0.20827   -0.20300
  876   17.90266  337.75053   -0.00086   -0.20817   -0.20300
  877   17.15361  337.75540   -0.00082   -0.20807   -0.20300
  878   16.40492  337.76006   -0.00079   -0.20797   -0.20300
  879   15.65658  337.76451   -0.00075   -0.20787   -0.20300
  880   14.90859  337.76876   -0.00071   -0.20778   -0.20300
  881   14.16093  337.77280   -0.00068   -0.20768   -0.20300
  882   13.41361  337.77663   -0.00064   -0.20759   -0.20300
  883   12.66663  337.78025   -0.00061   -0.20750   -0.20300
  884   11.91997  337.78366   -0.00057   -0.20740   -0.20300
  885   11.17364  337.78687   -0.00054   -0.20731   -0.20300
  886   10.42763  337.78987   -0.00050   -0.20723   -0.20300
  887    9.68194  337.79267   -0.00046   -0.20714   -0.20300
  888    8.93656  337.79525   -0.00043   -0.20705   -0.20300
  889    8.19149  337.79763   -0.00039   -0.20696   -0.20300
  890    7.44672  337.79980   -0.00036   -0.20688   -0.20300
  891    6.70226  337.80177   -0.00032   -0.20680   -0.20300
  892    5.95810  337.80353   -0.00029   -0.20671   -0.20300
  893    5.21423  337.80508   -0.00025   -0.20663   -0.20300
  894    4.47065  337.80642   -0.00021   -0.20655   -0.20300
  895    3.72735  337.80756   -0.00018   -0.20647   -0.20300
  896    2.98434  337.80849   -0.00014   -0.20639   -0.20300
  897    2.24161  337.80922   -0.00011   -0.20631   -0.20300
  898    1.49915  337.80974   -0.00007   -0.20624   -0.20300
  899    0.75697  337.81005   -0.00004   -0.20616   -0.20300
  900    0.01505  337.81016   -0.00000   -0.20609   -0.20300
  901    0.00000  337.81016    0.00000    0.00000    0.00000
  902    0.00000  337.81016    0.00000    0.00000    0.00000
  903    0.00000  337.81016    0.00000    0.00000    0.00000
  904    0.00000  337.81016    0.00000    0.00000    0.00000
  905    0.00000  337.81016    0.00000    0.00000    0.00000
  906    0.00000  337.81016    0.00000    0.00000    0.00000
  907    0.00000  337.81016    0.00000    0.00000    0.00000
  908    0.00000  337.81016    0.00000    0.00000    0.00000
  909    0.00000  337.81016    0.00000    0.00000    0.00000
  910    0.00000  337.81016    0.00000    0.00000    0.00000
  911    0.00000  337.81016    0.00000    0.00000    0.00000
  912    0.00000  337.81016    0.00000    0.00000    0.00000
  913    0.00000  337.81016    0.00000    0.00000    0.00000
  914    0.00000  337.81016    0.00000    0.00000    0.00000
  915    0.00000  337.81016    0.00000    0.00000    0.00000
  916    0.00000  337.81016    0.00000    0.00000    0.00000
  917    0.00000  337.81016    0.00000    0.00000    0.00000
  918    0.00000  337.81016    0.00000    0.00000    0.00000
  919    0.00000  337.81016    0.00000    0.00000    0.00000
  920    0.00000  337.81016    0.00000    0.00000    0.00000
  921    0.00000  337.81016    0.00000    0.00000    0.00000
  922    0.00000  337.81016    0.00000    0.00000    0.00000
  923    0.00000  337.81016    0.00000    0.00000    0.00000
  924    0.00000  337.81016    0.00000    0.00000    0.00000
  925    0.00000  337.81016    0.00000    0.00000    0.00000
  926    0.00000  337.81016    0.00000    0.00000    0.00000
  927    0.00000  337.81016    0.00000    0.00000    0.00000
  928    0.00000  337.81016    0.00000    0.00000    0.00000
  929    0.00000  337.81016    0.00000    0.00000    0.00000
  930    0.00000  337.81016    0.00000    0.00000    0.00000
  931    0.00000  337.81016    0.00000    0.00000    0.00000
  932    0.00000  337.81016    0.00000    0.00000    0.00000
  933    0.00000  337.81016    0.00000    0.00000    0.00000
  934    0.00000  337.81016    0.00000    0.00000    0.00000
  935    0.00000  337.81016    0.00000    0.00000    0.00000
  936    0.00000  337.81016    0.00000    0.00000    0.00000
  937    0.00000  337.81016    0.00000    0.00000    0.00000
  938    0.00000  337.81016    0.00000    0.00000    0.00000
  939    0.00000  337.81016    0.00000    0.00000    0.00000
  940    0.00000  337.81016    0.00000    0.00000    0.00000
  941    0.00000  337.81016    0.00000    0.00000    0.00000
  942    0.00000  337.81016    0.00000    0.00000    0.00000
  943    0.00000  337.81016    0.00000    0.00000    0.00000
  944    0.00000  337.81016    0.00000    0.00000    0.00000
  945    0.00000  337.81016    0.00000    0.00000    0.00000
  946    0.00000  337.81016    0.00000    0.00000    0.00000
  947    0.00000  337.81016    0.00000    0.00000    0.00000
  948    0.00000  337.81016    0.00000    0.00000    0.00000
  949    0.00000  337.81016    0.00000    0.00000    0.00000
  950    0.00000  337.81016    0.00000    0.00000    0.00000
  951    0.00000  337.81016    0.00000    0.00000    0.00000
  952    0.00000  337.81016    0.00000    0.00000    0.00000
  953    0.00000  337.81016    0.00000    0.00000    0.00000
  954    0.00000  337.81016    0.00000    0.00000    0.00000
  955    0.00000  337.81016    0.00000    0.00000    0.00000
  956    0.00000  337.81016    0.00000    0.00000    0.00000
  957    0.00000  337.81016    0.00000    0.00000    0.00000
  958    0.00000  337.81016    0.00000    0.00000    0.00000
  959    0.00000  337.81016    0.00000    0.00000    0.00000
  960    0.00000  337.81016    0.00000    0.00000    0.00000
