    0    0.00000    0.00000    0.00000    0.00000    0.00000
    1    1.84146    0.00026    0.25576    0.51152  425.00000
    2    3.68227    0.00102    0.51143    0.51133  425.00000
    3    5.52239    0.00230    0.76700    0.51114  425.00000
    4    7.36180    0.00409    1.02247    0.51095  425.00000
    5    9.20049    0.00639    1.27785    0.51075  425.00000
    6   11.03843    0.00920    1.53311    0.51054  425.00000
    7   12.87559    0.01252    1.78828    0.51032  425.00000
    8   14.71196    0.01636    2.04333    0.51010  425.00000
    9   16.54750    0.02070    2.29826    0.50987  425.00000
   10   18.38221    0.02555    2.55308    0.50964  425.00000
   11   20.21606    0.03091    2.80779    0.50940  425.00000
   12   20.21606    0.03652    0.02932    0.00000    4.43769
   13   20.21606    0.04214    0.02932    0.00000    4.43769
   14   20.19671    0.04775    0.00000   -0.00537    0.00000
   15   20.17738    0.05336    0.00000   -0.00537    0.00000
   16   20.15806    0.05896    0.00000   -0.00537    0.00000
   17   20.13875    0.06456    0.00000   -0.00536    0.00000
   18   20.09854    0.07015   -0.00003   -0.01117   -0.00581
   19   20.05835    0.07573   -0.00003   -0.01116   -0.00581
   20   20.01818    0.08129   -0.00003   -0.01116   -0.00581
   21   19.97803    0.08685   -0.00003   -0.01115   -0.00581
   22   19.93789    0.09239   -0.00003   -0.01115   -0.00581
   23   19.93789    0.09793    0.02871    0.00000    4.40654
   24   19.93789    0.10347    0.02871    0.00000    4.40654
   25   19.93789    0.10901    0.02871    0.00000    4.40654
   26   19.93789    0.11454    0.02871    0.00000    4.40654
   27   19.93789    0.12008    0.02871    0.00000    4.40654
   28   21.77099    0.12587    3.02375    0.50919  425.00000
   29   23.60318    0.13218    3.27822    0.50894  425.00000
   30   25.43444    0.13899    3.53256    0.50868  425.00000
   31   27.26476    0.14631    3.78677    0.50842  425.00000
   32   29.09410    0.15413    4.04085    0.50815  425.00000
   33   30.92246    0.16247    4.29479    0.50788  425.00000
   34   32.74979    0.17131    4.54858    0.50759  425.00000
   35   34.57609    0.18066    4.80224    0.50731  425.00000
   36   36.40133    0.19052    5.05574    0.50701  425.00000
   37   38.22549    0.20089    5.30910    0.50671  425.00000
   38   40.04855    0.21176    5.56230    0.50640  425.00000
   39   41.87049    0.22314    5.81535    0.50609  425.00000
   40   43.69127    0.23502    6.06823    0.50577  425.00000
   41   45.51089    0.24741    6.32096    0.50545  425.00000
   42   47.32932    0.26030    6.57352    0.50512  425.00000
   43   49.14654    0.27370    6.82591    0.50478  425.00000
   44   50.96253    0.28761    7.07813    0.50444  425.00000
   45   52.77726    0.30202    7.33018    0.50409  425.00000
   46   54.59072    0.31693    7.58204    0.50374  425.00000
   47   56.40288    0.33234    7.83373    0.50338  425.00000
   48   58.21372    0.34826    8.08524    0.50301  425.00000
   49   60.02323    0.36468    8.33656    0.50264  425.00000
   50   61.83137    0.38161    8.58769    0.50226  425.00000
   51   61.83137    0.39878    0.21112    0.00000   10.44838
   52   61.83137    0.41596    0.21112    0.00000   10.44838
   53   61.83137    0.43313    0.21112    0.00000   10.44838
   54   61.83137    0.45031    0.21112    0.00000   10.44838
   55   61.83137    0.46749    0.21112    0.00000   10.44838
   56   61.83137    0.48466    0.21112    0.00000   10.44838
   57   61.83137    0.50184    0.21112    0.00000   10.44838
   58   61.83137    0.51901    0.21112    0.00000   10.44838
   59   61.83137    0.53619    0.21112    0.00000   10.44838
   60   61.83137    0.55336    0.21112    0.00000   10.44838
   61   61.83137    0.57054    0.21112    0.00000   10.44838
   62   61.83137    0.58771    0.21112    0.00000   10.44838
   63   61.83137    0.60489    0.21112    0.00000   10.44838
   64   61.83137    0.62206    0.21112    0.00000   10.44838
   65   61.83137    0.63924    0.21112    0.00000   10.44838
   66   61.83137    0.65641    0.21112    0.00000   10.44838
   67   61.83137    0.67359    0.21112    0.00000   10.44838
   68   61.83137    0.69077    0.21112    0.00000   10.44838
   69   61.83137    0.70794    0.21112    0.00000   10.44838
   70   61.83137    0.72512    0.21112    0.00000   10.44838
   71   61.83137    0.74229    0.21112    0.00000   10.44838
   72   61.83137    0.75947    0.21112    0.00000   10.44838
   73   61.83137    0.77664    0.21112    0.00000   10.44838
   74   61.83137    0.79382    0.21112    0.00000   10.44838
   75   61.83137    0.81099    0.21112    0.00000   10.44838
   76   61.83137    0.82817    0.21112    0.00000   10.44838
   77   61.83137    0.84534    0.21112    0.00000   10.44838
   78   61.83137    0.86252    0.21112    0.00000   10.44838
   79   61.83137    0.87969    0.21112    0.00000   10.44838
   80   61.83137    0.89687    0.21112    0.00000   10.44838
   81   61.83137    0.91404    0.21112    0.00000   10.44838
   82   61.83137    0.93122    0.21112    0.00000   10.44838
   83   61.83137    0.94840    0.21112    0.00000   10.44838
   84   61.83137    0.96557    0.21112    0.00000   10.44838
   85   61.83137    0.98275    0.21112    0.00000   10.44838
   86   61.83137    0.99992    0.21112    0.00000   10.44838
   87   61.83137    1.01710    0.21112    0.00000   10.44838
   88   61.83137    1.03427    0.21112    0.00000   10.44838
   89   61.83137    1.05145    0.21112    0.00000   10.44838
   90   61.83137    1.06862    0.21112    0.00000   10.44838
   91   61.83137    1.08580    0.21112    0.00000   10.44838
   92   61.83137    1.10297    0.21112    0.00000   10.44838
   93   61.83137    1.12015    0.21112    0.00000   10.44838
   94   61.83137    1.13732    0.21112    0.00000   10.44838
   95   61.83137    1.15450    0.21112    0.00000   10.44838
   96   61.83137    1.17168    0.21112    0.00000   10.44838
   97   61.78583    1.18884    0.00000   -0.01265    0.00000
   98   61.74033    1.20600    0.00000   -0.01264    0.00000
   99   61.69486    1.22314    0.00000   -0.01263    0.00000
  100   61.64943    1.24028    0.00000   -0.01262    0.00000
  101   61.60403    1.25739    0.00000   -0.01261    0.00000
  102   61.55867    1.27450    0.00000   -0.01260    0.00000
  103   61.51334    1.29159    0.00000   -0.01259    0.00000
  104   61.46805    1.30867    0.00000   -0.01258    0.00000
  105   61.42279    1.32574    0.00000   -0.01257    0.00000
  106   61.37757    1.34280    0.00000   -0.01256    0.00000
  107   61.33238    1.35984    0.00000   -0.01255    0.00000
  108   61.28722    1.37687    0.00000   -0.01254    0.00000
  109   61.24210    1.39389    0.00000   -0.01253    0.00000
  110   61.19702    1.41090    0.00000   -0.01252    0.00000
  111   61.15197    1.42789    0.00000   -0.01251    0.00000
  112   61.10695    1.44487    0.00000   -0.01250    0.00000
  113   61.06197    1.46184    0.00000   -0.01249    0.00000
  114   61.01702    1.47879    0.00000   -0.01249    0.00000
  115   60.97211    1.49573    0.00000   -0.01248    0.00000
  116   60.92723    1.51267    0.00000   -0.01247    0.00000
  117   60.88239    1.52958    0.00000   -0.01246    0.00000
  118   60.83758    1.54649    0.00000   -0.01245    0.00000
  119   60.79280    1.56338    0.00000   -0.01244    0.00000
  120   60.74806    1.58026    0.00000   -0.01243    0.00000
  121   60.70335    1.59713    0.00000   -0.01242    0.00000
  122   60.65868    1.61399    0.00000   -0.01241    0.00000
  123   60.61404    1.63083    0.00000   -0.01240    0.00000
  124   60.56943    1.64766    0.00000   -0.01239    0.00000
  125   60.52486    1.66448    0.00000   -0.01238    0.00000
  126   60.48032    1.68129    0.00000   -0.01237    0.00000
  127   60.43582    1.69808    0.00000   -0.01236    0.00000
  128   60.39135    1.71486    0.00000   -0.01235    0.00000
  129   60.34692    1.73163    0.00000   -0.01234    0.00000
  130   60.30251    1.74839    0.00000   -0.01233    0.00000
  131   60.25815    1.76513    0.00000   -0.01232    0.00000
  132   60.21381    1.78186    0.00000   -0.01232    0.00000
  133   60.16951    1.79858    0.00000   -0.01231    0.00000
  134   60.12524    1.81529    0.00000   -0.01230    0.00000
  135   60.08101    1.83199    0.00000   -0.01229    0.00000
  136   60.03681    1.84867   -0.00000   -0.01228   -0.00000
  137   59.99264    1.86534   -0.00000   -0.01227   -0.00000
  138   59.94851    1.88200   -0.00000   -0.01226   -0.00000
  139   59.90441    1.89865   -0.00000   -0.01225   -0.00000
  140   59.86034    1.91528   -0.00000   -0.01224   -0.00000
  141   59.86034    1.93191    0.19764    0.00000   10.10316
  142   59.86034    1.94854    0.19764    0.00000   10.10316
  143   59.86034    1.96516    0.19764    0.00000   10.10316
  144   59.86034    1.98179    0.19764    0.00000   10.10316
  145   59.86034    1.99842    0.19764    0.00000   10.10316
  146   59.86034    2.01505    0.19764    0.00000   10.10316
  147   59.86034    2.03167    0.19764    0.00000   10.10316
  148   59.86034    2.04830    0.19764    0.00000   10.10316
  149   59.86034    2.06493    0.19764    0.00000   10.10316
  150   59.86034    2.08156    0.19764    0.00000   10.10316
  151   59.86034    2.09819    0.19764    0.00000   10.10316
  152   59.86034    2.11481    0.19764    0.00000   10.10316
  153   59.86034    2.13144    0.19764    0.00000   10.10316
  154   59.86034    2.14807    0.19764    0.00000   10.10316
  155   59.86034    2.16470    0.19764    0.00000   10.10316
  156   59.86034    2.18133    0.19764    0.00000   10.10316
  157   59.86034    2.19795    0.19764    0.00000   10.10316
  158   59.86034    2.21458    0.19764    0.00000   10.10316
  159   59.86034    2.23121    0.19764    0.00000   10.10316
  160   59.86034    2.24784    0.19764    0.00000   10.10316
  161   59.86034    2.26447    0.19764    0.00000   10.10316
  162   59.86034    2.28109    0.19764    0.00000   10.10316
  163   59.86034    2.29772    0.19764    0.00000   10.10316
  164   59.86034    2.31435    0.19764    0.00000   10.10316
  165   59.86034    2.33098    0.19764    0.00000   10.10316
  166   59.86034    2.34760    0.19764    0.00000   10.10316
  167   59.86034    2.36423    0.19764    0.00000   10.10316
  168   59.86034    2.38086    0.19764    0.00000   10.10316
  169   59.86034    2.39749    0.19764    0.00000   10.10316
  170   59.86034    2.41412    0.19764    0.00000   10.10316
  171   59.86034    2.43074    0.19764    0.00000   10.10316
  172   59.86034    2.44737    0.19764    0.00000   10.10316
  173   59.86034    2.46400    0.19764    0.00000   10.10316
  174   59.86034    2.48063    0.19764    0.00000   10.10316
  175   59.86034    2.49726    0.19764    0.00000   10.10316
  176   59.86034    2.51388    0.19764    0.00000   10.10316
  177   59.86034    2.53051    0.19764    0.00000   10.10316
  178   59.86034    2.54714    0.19764    0.00000   10.10316
  179   59.86034    2.56377    0.19764    0.00000   10.10316
  180   59.86034    2.58039    0.19764    0.00000   10.10316
  181   59.86034    2.59702    0.19764    0.00000   10.10316
  182   59.86034    2.61365    0.19764    0.00000   10.10316
  183   59.86034    2.63028    0.19764    0.00000   10.10316
  184   59.86034    2.64691    0.19764    0.00000   10.10316
  185   59.86034    2.66353    0.19764    0.00000   10.10316
  186   61.66861    2.68041    8.56508    0.50230  425.00000
  187   63.47550    2.69779    8.81604    0.50191  425.00000
  188   65.28098    2.71568    9.06680    0.50152  425.00000
  189   67.08505    2.73406    9.31737    0.50113  425.00000
  190   68.88767    2.75295    9.56773    0.50073  425.00000
  191   70.68883    2.77233    9.81789    0.50032  425.00000
  192   72.48851    2.79222   10.06785    0.49991  425.00000
  193   72.48851    2.81235    0.29420    0.00000   12.41926
  194   72.48851    2.83249    0.29420    0.00000   12.41926
  195   72.48851    2.85262    0.29420    0.00000   12.41926
  196   72.48851    2.87276    0.29420    0.00000   12.41926
  197   72.48851    2.89290    0.29420    0.00000   12.41926
  198   72.48851    2.91303    0.29420    0.00000   12.41926
  199   72.48851    2.93317    0.29420    0.00000   12.41926
  200   72.48851    2.95330    0.29420    0.00000   12.41926
  201   72.48851    2.97344    0.29420    0.00000   12.41926
  202   72.48851    2.99357    0.29420    0.00000   12.41926
  203   72.48851    3.01371    0.29420    0.00000   12.41926
  204   72.48851    3.03385    0.29420    0.00000   12.41926
  205   72.48851    3.05398    0.29420    0.00000   12.41926
  206   72.48851    3.07412    0.29420    0.00000   12.41926
  207   72.48851    3.09425    0.29420    0.00000   12.41926
  208   72.48851    3.11439    0.29420    0.00000   12.41926
  209   72.48851    3.13452    0.29420    0.00000   12.41926
  210   72.48851    3.15466    0.29420    0.00000   12.41926
  211   72.48851    3.17480    0.29420    0.00000   12.41926
  212   72.48851    3.19493    0.29420    0.00000   12.41926
  213   72.48851    3.21507    0.29420    0.00000   12.41926
  214   72.48851    3.23520    0.29420    0.00000   12.41926
  215   72.48851    3.25534    0.29420    0.00000   12.41926
  216   72.48851    3.27547    0.29420    0.00000   12.41926
  217   72.48851    3.29561    0.29420    0.00000   12.41926
  218   72.48851    3.31575    0.29420    0.00000   12.41926
  219   72.48851    3.33588    0.29420    0.00000   12.41926
  220   72.48851    3.35602    0.29420    0.00000   12.41926
  221   72.48851    3.37615    0.29420    0.00000   12.41926
  222   72.48851    3.39629    0.29420    0.00000   12.41926
  223   72.48851    3.41642    0.29420    0.00000   12.41926
  224   72.48851    3.43656    0.29420    0.00000   12.41926
  225   72.48851    3.45670    0.29420    0.00000   12.41926
  226   72.43438    3.47682    0.00000   -0.01504    0.00000
  227   72.38030    3.49694    0.00000   -0.01502    0.00000
  228   72.32627    3.51704    0.00000   -0.01501    0.00000
  229   72.27227    3.53712    0.00000   -0.01500    0.00000
  230   72.21833    3.55719    0.00000   -0.01498    0.00000
  231   72.16443    3.57724    0.00000   -0.01497    0.00000
  232   72.11057    3.59728    0.00000   -0.01496    0.00000
  233   72.05676    3.61730    0.00000   -0.01495    0.00000
  234   72.00300    3.63731    0.00000   -0.01493    0.00000
  235   71.94928    3.65730    0.00000   -0.01492    0.00000
  236   71.89561    3.67728    0.00000   -0.01491    0.00000
  237   71.84198    3.69724    0.00000   -0.01490    0.00000
  238   71.78839    3.71719    0.00000   -0.01488    0.00000
  239   71.73485    3.73713    0.00000   -0.01487    0.00000
  240   71.68136    3.75705    0.00000   -0.01486    0.00000
  241   71.62791    3.77695    0.00000   -0.01485    0.00000
  242   71.57450    3.79684    0.00000   -0.01483    0.00000
  243   71.52114    3.81671    0.00000   -0.01482    0.00000
  244   71.46782    3.83657    0.00000   -0.01481    0.00000
  245   71.41455    3.85642    0.00000   -0.01480    0.00000
  246   71.36133    3.87625    0.00000   -0.01479    0.00000
  247   71.30814    3.89606    0.00000   -0.01477    0.00000
  248   71.25500    3.91586    0.00000   -0.01476    0.00000
  249   71.20191    3.93565    0.00000   -0.01475    0.00000
  250   71.14886    3.95542    0.00000   -0.01474    0.00000
  251   71.09585    3.97518    0.00000   -0.01472    0.00000
  252   71.04289    3.99492    0.00000   -0.01471    0.00000
  253   70.98998    4.01464    0.00000   -0.01470    0.00000
  254   70.93710    4.03436    0.00000   -0.01469    0.00000
  255   70.75267    4.05404   -0.00061   -0.05123   -0.03656
  256   70.56839    4.07366   -0.00061   -0.05119   -0.03656
  257   70.38427    4.09324   -0.00061   -0.05115   -0.03656
  258   70.20030    4.11277   -0.00061   -0.05110   -0.03656
  259   70.01648    4.13224   -0.00060   -0.05106   -0.03656
  260   69.83281    4.15166   -0.00060   -0.05102   -0.03656
  261   69.64930    4.17104   -0.00060   -0.05098   -0.03656
  262   69.46593    4.19036   -0.00060   -0.05093   -0.03656
  263   69.28272    4.20963   -0.00060   -0.05089   -0.03656
  264   69.09965    4.22885   -0.00060   -0.05085   -0.03656
  265   68.91674    4.24802   -0.00059   -0.05081   -0.03656
  266   68.73397    4.26714   -0.00059   -0.05077   -0.03656
  267   68.55136    4.28620   -0.00059   -0.05073   -0.03656
  268   68.36889    4.30522   -0.00059   -0.05068   -0.03656
  269   68.18658    4.32419   -0.00059   -0.05064   -0.03656
  270   68.00441    4.34310   -0.00059   -0.05060   -0.03656
  271   67.82239    4.36197   -0.00059   -0.05056   -0.03656
  272   67.64051    4.38078   -0.00058   -0.05052   -0.03656
  273   67.45879    4.39954   -0.00058   -0.05048   -0.03656
  274   67.27721    4.41826   -0.00058   -0.05044   -0.03656
  275   67.09578    4.43692   -0.00058   -0.05040   -0.03656
  276   67.09578    4.45556    0.24996    0.00000   11.39996
  277   67.09578    4.47420    0.24996    0.00000   11.39996
  278   67.09578    4.49283    0.24996    0.00000   11.39996
  279   67.09578    4.51147    0.24996    0.00000   11.39996
  280   67.09578    4.53011    0.24996    0.00000   11.39996
  281   67.09578    4.54875    0.24996    0.00000   11.39996
  282   67.09578    4.56738    0.24996    0.00000   11.39996
  283   67.09578    4.58602    0.24996    0.00000   11.39996
  284   67.09578    4.60466    0.24996    0.00000   11.39996
  285   67.09578    4.62330    0.24996    0.00000   11.39996
  286   67.09578    4.64194    0.24996    0.00000   11.39996
  287   67.09578    4.66057    0.24996    0.00000   11.39996
  288   67.09578    4.67921    0.24996    0.00000   11.39996
  289   67.09578    4.69785    0.24996    0.00000   11.39996
  290   67.09578    4.71649    0.24996    0.00000   11.39996
  291   67.09578    4.73512    0.24996    0.00000   11.39996
  292   67.09578    4.75376    0.24996    0.00000   11.39996
  293   68.89839    4.77265    9.56922    0.50073  425.00000
  294   70.69954    4.79204    9.81938    0.50032  425.00000
  295   72.49921    4.81193   10.06933    0.49991  425.00000
  296   74.29737    4.83232   10.31908    0.49949  425.00000
  297   76.09401    4.85320   10.56861    0.49907  425.00000
  298   76.09401    4.87434    0.32641    0.00000   13.12589
  299   76.09401    4.89548    0.32641    0.00000   13.12589
  300   76.09401    4.91662    0.32641    0.00000   13.12589
  301   76.09401    4.93775    0.32641    0.00000   13.12589
  302   76.09401    4.95889    0.32641    0.00000   13.12589
  303   76.03681    4.98002    0.00000   -0.01589    0.00000
  304   75.97965    5.00113    0.00000   -0.01588    0.00000
  305   75.92254    5.02223    0.00000   -0.01586    0.00000
  306   75.86548    5.04331    0.00000   -0.01585    0.00000
  307   75.80847    5.06438    0.00000   -0.01584    0.00000
  308   73.90047    5.08517   -0.00897   -0.53000   -0.51418
  309   71.99247    5.10543   -0.00875   -0.53000   -0.51463
  310   70.08447    5.12517   -0.00852   -0.53000   -0.51508
  311   68.17647    5.14437   -0.00830   -0.53000   -0.51552
  312   66.26847    5.16304   -0.00807   -0.53000   -0.51596
  313   64.36047    5.18118   -0.00785   -0.53000   -0.51638
  314   62.45247    5.19880   -0.00762   -0.53000   -0.51680
  315   60.54447    5.21588   -0.00739   -0.53000   -0.51722
  316   58.63647    5.23243   -0.00717   -0.53000   -0.51762
  317   56.72847    5.24846   -0.00694   -0.53000   -0.51802
  318   54.82047    5.26395   -0.00671   -0.53000   -0.51842
  319   52.91247    5.27891   -0.00648   -0.53000   -0.51880
  320   51.00447    5.29335   -0.00625   -0.53000   -0.51918
  321   49.09647    5.30725   -0.00602   -0.53000   -0.51956
  322   47.18847    5.32062   -0.00579   -0.53000   -0.51992
  323   45.28047    5.33346   -0.00556   -0.53000   -0.52028
  324   43.37247    5.34578   -0.00533   -0.53000   -0.52063
  325   41.46447    5.35756   -0.00510   -0.53000   -0.52098
  326   39.55647    5.36881   -0.00487   -0.53000   -0.52132
  327   37.64847    5.37954   -0.00464   -0.53000   -0.52165
  328   35.74047    5.38973   -0.00440   -0.53000   -0.52197
  329   33.83247    5.39939   -0.00417   -0.53000   -0.52229
  330   31.92447    5.40852   -0.00394   -0.53000   -0.52260
  331   30.01647    5.41713   -0.00371   -0.53000   -0.52291
  332   28.10847    5.42520   -0.00347   -0.53000   -0.52321
  333   26.20047    5.43274   -0.00324   -0.53000   -0.52350
  334   24.29247    5.43976   -0.00300   -0.53000   -0.52378
  335   22.38447    5.44624   -0.00277   -0.53000   -0.52406
  336   22.38447    5.45246    0.03427    0.00000    4.68461
  337   22.38447    5.45867    0.03427    0.00000    4.68461
  338   22.38447    5.46489    0.03427    0.00000    4.68461
  339   22.38447    5.47111    0.03427    0.00000    4.68461
  340   22.38447    5.47733    0.03427    0.00000    4.68461
  341   24.21635    5.48380    3.36338    0.50886  425.00000
  342   26.04730    5.49078    3.61768    0.50860  425.00000
  343   26.04730    5.49802    0.04357    0.00000    5.11825
  344   26.04730    5.50525    0.04357    0.00000    5.11825
  345   26.02500    5.51248    0.00000   -0.00620    0.00000
  346   24.28774    5.51947   -0.00273   -0.48257   -0.47638
  347   22.55139    5.52598   -0.00254   -0.48232   -0.47638
  348   20.81592    5.53200   -0.00234   -0.48207   -0.47638
  349   19.08132    5.53754   -0.00215   -0.48183   -0.47638
  350   17.34757    5.54260   -0.00195   -0.48160   -0.47638
  351   15.61464    5.54718   -0.00176   -0.48137   -0.47638
  352   13.88251    5.55128   -0.00156   -0.48115   -0.47638
  353   12.15116    5.55489   -0.00137   -0.48093   -0.47638
  354   10.42058    5.55803   -0.00117   -0.48072   -0.47638
  355    8.69074    5.56068   -0.00098   -0.48051   -0.47638
  356    6.96163    5.56286   -0.00078   -0.48031   -0.47638
  357    5.23321    5.56455   -0.00059   -0.48012   -0.47638
  358    3.50547    5.56576   -0.00039   -0.47993   -0.47638
  359    1.77839    5.56650   -0.00020   -0.47974   -0.47638
  360    0.05196    5.56675   -0.00001   -0.47957   -0.47638
  361    0.00000    5.56675    0.00000    0.00000    0.00000
  362    0.00000    5.56675    0.00000    0.00000    0.00000
  363    0.00000    5.56675    0.00000    0.00000    0.00000
  364    0.00000    5.56675    0.00000    0.00000    0.00000
  365    0.00000    5.56675    0.00000    0.00000    0.00000
  366    0.00000    5.56675    0.00000    0.00000    0.00000
  367    0.00000    5.56675    0.00000    0.00000    0.00000
  368    0.00000    5.56675    0.00000    0.00000    0.00000
  369    0.00000    5.56675    0.00000    0.00000    0.00000
  370    0.00000    5.56675    0.00000    0.00000    0.00000
  371    0.00000    5.56675    0.00000    0.00000    0.00000
  372    0.00000    5.56675    0.00000    0.00000    0.00000
  373    0.00000    5.56675    0.00000    0.00000    0.00000
  374    0.00000    5.56675    0.00000    0.00000    0.00000
  375    0.00000    5.56675    0.00000    0.00000    0.00000
  376    0.00000    5.56675    0.00000    0.00000    0.00000
  377    0.00000    5.56675    0.00000    0.00000    0.00000
  378    0.00000    5.56675    0.00000    0.00000    0.00000
  379    0.00000    5.56675    0.00000    0.00000    0.00000
  380    0.00000    5.56675    0.00000    0.00000    0.00000
  381    0.00000    5.56675    0.00000    0.00000    0.00000
  382    0.00000    5.56675    0.00000    0.00000    0.00000
  383    0.00000    5.56675    0.00000    0.00000    0.00000
  384    0.00000    5.56675    0.00000    0.00000    0.00000
  385    0.00000    5.56675    0.00000    0.00000    0.00000
  386    0.00000    5.56675    0.00000    0.00000    0.00000
  387    0.00000    5.56675    0.00000    0.00000    0.00000
  388    0.00000    5.56675    0.00000    0.00000    0.00000
  389    0.00000    5.56675    0.00000    0.00000    0.00000
  390    0.00000    5.56675    0.00000    0.00000    0.00000
  391    0.00000    5.56675    0.00000    0.00000    0.00000
  392    0.00000    5.56675    0.00000    0.00000    0.00000
  393    0.00000    5.56675    0.00000    0.00000    0.00000
  394    0.00000    5.56675    0.00000    0.00000    0.00000
  395    0.00000    5.56675    0.00000    0.00000    0.00000
  396    0.00000    5.56675    0.00000    0.00000    0.00000
  397    0.00000    5.56675    0.00000    0.00000    0.00000
  398    0.00000    5.56675    0.00000    0.00000    0.00000
  399    0.00000    5.56675    0.00000    0.00000    0.00000
  400    0.00000    5.56675    0.00000    0.00000    0.00000
  401    0.00000    5.56675    0.00000    0.00000    0.00000
  402    0.00000    5.56675    0.00000    0.00000    0.00000
  403    0.00000    5.56675    0.00000    0.00000    0.00000
  404    0.00000    5.56675    0.00000    0.00000    0.00000
  405    0.00000    5.56675    0.00000    0.00000    0.00000
  406    0.00000    5.56675    0.00000    0.00000    0.00000
  407    0.00000    5.56675    0.00000    0.00000    0.00000
  408    0.00000    5.56675    0.00000    0.00000    0.00000
  409    0.00000    5.56675    0.00000    0.00000    0.00000
  410    0.00000    5.56675    0.00000    0.00000    0.00000
  411    0.00000    5.56675    0.00000    0.00000    0.00000
  412    0.00000    5.56675    0.00000    0.00000    0.00000
  413    0.00000    5.56675    0.00000    0.00000    0.00000
  414    0.00000    5.56675    0.00000    0.00000    0.00000
  415    0.00000    5.56675    0.00000    0.00000    0.00000
  416    0.00000    5.56675    0.00000    0.00000    0.00000
  417    0.00000    5.56675    0.00000    0.00000    0.00000
  418    0.00000    5.56675    0.00000    0.00000    0.00000
  419    0.00000    5.56675    0.00000    0.00000    0.00000
  420    0.00000    5.56675    0.00000    0.00000    0.00000
  421    0.00000    5.56675    0.00000    0.00000    0.00000
  422    0.00000    5.56675    0.00000    0.00000    0.00000
  423    0.00000    5.56675    0.00000    0.00000    0.00000
  424    0.00000    5.56675    0.00000    0.00000    0.00000
  425    0.00000    5.56675    0.00000    0.00000    0.00000
  426    0.00000    5.56675    0.00000    0.00000    0.00000
  427    0.00000    5.56675    0.00000    0.00000    0.00000
  428    0.00000    5.56675    0.00000    0.00000    0.00000
  429    0.00000    5.56675    0.00000    0.00000    0.00000
  430    0.00000    5.56675    0.00000    0.00000    0.00000
  431    0.00000    5.56675    0.00000    0.00000    0.00000
  432    0.00000    5.56675    0.00000    0.00000    0.00000
  433    0.00000    5.56675    0.00000    0.00000    0.00000
  434    0.00000    5.56675    0.00000    0.00000    0.00000
  435    0.00000    5.56675    0.00000    0.00000    0.00000
  436    0.00000    5.56675    0.00000    0.00000    0.00000
  437    0.00000    5.56675    0.00000    0.00000    0.00000
  438    0.00000    5.56675    0.00000    0.00000    0.00000
  439    0.00000    5.56675    0.00000    0.00000    0.00000
  440    0.00000    5.56675    0.00000    0.00000    0.00000
  441    0.00000    5.56675    0.00000    0.00000    0.00000
  442    0.00000    5.56675    0.00000    0.00000    0.00000
  443    0.00000    5.56675    0.00000    0.00000    0.00000
  444    0.00000    5.56675    0.00000    0.00000    0.00000
  445    0.00000    5.56675    0.00000    0.00000    0.00000
  446    0.00000    5.56675    0.00000    0.00000    0.00000
  447    0.00000    5.56675    0.00000    0.00000    0.00000
  448    0.00000    5.56675    0.00000    0.00000    0.00000
  449    0.00000    5.56675    0.00000    0.00000    0.00000
  450    0.00000    5.56675    0.00000    0.00000    0.00000
  451    0.00000    5.56675    0.00000    0.00000    0.00000
  452    0.00000    5.56675    0.00000    0.00000    0.00000
  453    0.00000    5.56675    0.00000    0.00000    0.00000
  454    0.00000    5.56675    0.00000    0.00000    0.00000
  455    0.00000    5.56675    0.00000    0.00000    0.00000
  456    0.00000    5.56675    0.00000    0.00000    0.00000
  457    0.00000    5.56675    0.00000    0.00000    0.00000
  458    0.00000    5.56675    0.00000    0.00000    0.00000
  459    0.00000    5.56675    0.00000    0.00000    0.00000
  460    0.00000    5.56675    0.00000    0.00000    0.00000
  461    0.00000    5.56675    0.00000    0.00000    0.00000
  462    0.00000    5.56675    0.00000    0.00000    0.00000
  463    0.00000    5.56675    0.00000    0.00000    0.00000
  464    0.00000    5.56675    0.00000    0.00000    0.00000
  465    0.00000    5.56675    0.00000    0.00000    0.00000
  466    0.00000    5.56675    0.00000    0.00000    0.00000
  467    0.00000    5.56675    0.00000    0.00000    0.00000
  468    0.00000    5.56675    0.00000    0.00000    0.00000
  469    0.00000    5.56675    0.00000    0.00000    0.00000
  470    0.00000    5.56675    0.00000    0.00000    0.00000
  471    0.00000    5.56675    0.00000    0.00000    0.00000
  472    0.00000    5.56675    0.00000    0.00000    0.00000
  473    0.00000    5.56675    0.00000    0.00000    0.00000
  474    0.00000    5.56675    0.00000    0.00000    0.00000
  475    0.00000    5.56675    0.00000    0.00000    0.00000
  476    0.00000    5.56675    0.00000    0.00000    0.00000
  477    0.00000    5.56675    0.00000    0.00000    0.00000
  478    0.00000    5.56675    0.00000    0.00000    0.00000
  479    0.00000    5.56675    0.00000    0.00000    0.00000
  480    0.00000    5.56675    0.00000    0.00000    0.00000
