    0    0.00000  241.17000    0.00000    0.00000    0.00000
    1    1.84146  241.17026    0.25576    0.51152  425.00000
    2    3.68227  241.17102    0.51143    0.51133  425.00000
    3    5.52239  241.17230    0.76700    0.51114  425.00000
    4    7.36180  241.17409    1.02247    0.51095  425.00000
    5    9.20049  241.17639    1.27785    0.51075  425.00000
    6   11.03843  241.17920    1.53311    0.51054  425.00000
    7   12.87559  241.18252    1.78828    0.51032  425.00000
    8   14.71196  241.18636    2.04333    0.51010  425.00000
    9   16.54750  241.19070    2.29826    0.50987  425.00000
   10   18.38221  241.19555    2.55308    0.50964  425.00000
   11   20.21606  241.20091    2.80779    0.50940  425.00000
   12   22.04901  241.20678    3.06236    0.50916  425.00000
   13   23.88107  241.21316    3.31681    0.50890  425.00000
   14   25.71219  241.22005    3.57114    0.50864  425.00000
   15   27.54236  241.22744    3.82533    0.50838  425.00000
   16   29.37155  241.23535    4.07938    0.50811  425.00000
   17   31.19975  241.24376    4.33330    0.50783  425.00000
   18   33.02693  241.25268    4.58707    0.50755  425.00000
   19   34.85308  241.26211    4.84070    0.50726  425.00000
   20   36.67815  241.27204    5.09419    0.50697  425.00000
   21   38.50215  241.28248    5.34752    0.50667  425.00000
   22   40.32504  241.29343    5.60070    0.50636  425.00000
   23   42.14680  241.30489    5.85372    0.50604  425.00000
   24   43.96741  241.31685    6.10658    0.50573  425.00000
   25   45.78685  241.32931    6.35928    0.50540  425.00000
   26   47.60510  241.34228    6.61182    0.50507  425.00000
   27   49.42213  241.35576    6.86418    0.50473  425.00000
   28   51.23793  241.36974    7.11638    0.50439  425.00000
   29   53.05247  241.38423    7.36840    0.50404  425.00000
   30   54.86573  241.39921    7.62024    0.50368  425.00000
   31   56.67770  241.41471    7.87190    0.50332  425.00000
   32   58.48834  241.43070    8.12338    0.50296  425.00000
   33   60.29764  241.44720    8.37467    0.50258  425.00000
   34   62.10557  241.46420    8.62577    0.50220  425.00000
   35   63.91212  241.48170    8.87668    0.50182  425.00000
   36   65.71727  241.49971    9.12740    0.50143  425.00000
   37   67.52099  241.51821    9.37791    0.50103  425.00000
   38   69.32326  241.53722    9.62823    0.50063  425.00000
   39   71.12406  241.55673    9.87834    0.50022  425.00000
   40   72.92338  241.57673   10.12825    0.49981  425.00000
   41   74.72118  241.59724   10.37794    0.49939  425.00000
   42   76.51746  241.61824   10.62743    0.49897  425.00000
   43   78.31219  241.63975   10.87669    0.49853  425.00000
   44   80.10534  241.66175   11.12574    0.49810  425.00000
   45   81.89690  241.68425   11.37457    0.49766  425.00000
   46   83.68686  241.70725   11.62317    0.49721  425.00000
   47   85.47518  241.73074   11.87155    0.49676  425.00000
   48   87.26184  241.75473   12.11970    0.49630  425.00000
   49   89.04684  241.77922   12.36762    0.49583  425.00000
   50   90.83015  241.80420   12.61530    0.49536  425.00000
   51   92.61174  241.82968   12.86274    0.49489  425.00000
   52   94.39160  241.85565   13.10994    0.49441  425.00000
   53   96.16971  241.88212   13.35690    0.49392  425.00000
   54   97.94605  241.90908   13.60362    0.49343  425.00000
   55   99.72060  241.93654   13.85008    0.49293  425.00000
   56  101.49334  241.96448   14.09630    0.49243  425.00000
   57  103.26425  241.99292   14.34226    0.49192  425.00000
   58  105.03331  242.02185   14.58796    0.49141  425.00000
   59  106.80050  242.05127   14.83340    0.49089  425.00000
   60  108.56581  242.08118   15.07858    0.49036  425.00000
   61  110.32921  242.11159   15.32350    0.48983  425.00000
   62  112.09069  242.14248   15.56815    0.48930  425.00000
   63  113.85022  242.17386   15.81253    0.48876  425.00000
   64  115.60779  242.20573   16.05664    0.48821  425.00000
   65  117.36337  242.23809   16.30047    0.48766  425.00000
   66  119.11696  242.27093   16.54402    0.48711  425.00000
   67  120.86853  242.30426   16.78730    0.48655  425.00000
   68  122.61807  242.33808   17.03029    0.48598  425.00000
   69  124.36554  242.37238   17.27299    0.48541  425.00000
   70  126.11095  242.40717   17.51541    0.48483  425.00000
   71  127.85426  242.44244   17.75754    0.48425  425.00000
   72  129.59546  242.47820   17.99937    0.48367  425.00000
   73  131.33454  242.51444   18.24091    0.48308  425.00000
   74  133.07147  242.55116   18.48215    0.48248  425.00000
   75  134.80624  242.58837   18.72309    0.48188  425.00000
   76  136.53883  242.62606   18.96373    0.48127  425.00000
   77  138.26922  242.66422   19.20406    0.48066  425.00000
   78  139.99739  242.70287   19.44408    0.48005  425.00000
   79  141.72333  242.74200   19.68380    0.47943  425.00000
   80  143.44702  242.78161   19.92320    0.47880  425.00000
   81  145.16845  242.82169   20.16228    0.47817  425.00000
   82  146.88758  242.86226   20.40105    0.47754  425.00000
   83  148.60442  242.90330   20.63950    0.47690  425.00000
   84  150.31894  242.94481   20.87763    0.47626  425.00000
   85  152.02720  242.98681   21.07009    0.47452  424.09825
   86  153.71233  243.02927   21.06426    0.46809  419.33287
   87  155.37510  243.07220   21.05870    0.46188  414.73575
   88  157.01621  243.11559   21.05338    0.45586  410.29739
   89  158.63631  243.15943   21.04829    0.45003  406.00904
   90  160.23605  243.20371   21.04342    0.44437  401.86260
   91  161.81601  243.24844   21.03875    0.43888  397.85056
   92  163.37677  243.29361   21.03428    0.43354  393.96596
   93  164.91886  243.33921   21.02998    0.42836  390.20236
   94  166.44279  243.38523   21.02584    0.42332  386.55374
   95  167.94906  243.43167   21.02187    0.41841  383.01449
   96  169.43812  243.47853   21.01805    0.41363  379.57938
   97  170.91043  243.52580   21.01436    0.40897  376.24355
   98  172.36639  243.57348   21.01081    0.40444  373.00241
   99  173.80643  243.62156   21.00739    0.40001  369.85168
  100  175.23092  243.67004   21.00408    0.39569  366.78736
  101  176.64023  243.71891   21.00089    0.39148  363.80567
  102  178.03472  243.76817   20.99780    0.38736  360.90307
  103  179.41472  243.81781   20.99482    0.38334  358.07623
  104  180.78058  243.86784   20.99193    0.37940  355.32201
  105  182.13259  243.91824   20.98914    0.37556  352.63744
  106  183.47105  243.96902   20.98643    0.37180  350.01974
  107  184.79627  244.02017   20.98381    0.36811  347.46626
  108  186.10851  244.07169   20.98127    0.36451  344.97450
  109  187.40804  244.12356   20.97881    0.36098  342.54211
  110  188.69512  244.17580   20.97641    0.35752  340.16684
  111  189.97000  244.22839   20.97409    0.35413  337.84658
  112  191.23292  244.28134   20.97183    0.35081  335.57930
  113  192.48411  244.33463   20.96964    0.34755  333.36311
  114  193.72379  244.38827   20.96751    0.34436  331.19617
  115  194.95219  244.44225   20.96544    0.34122  329.07677
  116  196.16950  244.49658   20.96342    0.33814  327.00326
  117  197.37593  244.55124   20.96146    0.33512  324.97407
  118  198.57167  244.60623   20.95955    0.33215  322.98771
  119  199.75692  244.66155   20.95768    0.32924  321.04277
  120  200.93185  244.71720   20.95587    0.32637  319.13788
  121  202.09665  244.77318   20.95410    0.32355  317.27174
  122  203.25148  244.82948   20.95238    0.32079  315.44313
  123  204.39651  244.88609   20.95070    0.31806  313.65085
  124  205.53191  244.94303   20.94906    0.31539  311.89377
  125  206.65782  245.00028   20.94746    0.31275  310.17082
  126  207.77440  245.05784   20.94590    0.31016  308.48095
  127  208.88181  245.11571   20.94437    0.30761  306.82316
  128  209.98017  245.17388   20.94288    0.30510  305.19652
  129  211.06964  245.23236   20.94143    0.30263  303.60009
  130  212.15034  245.29114   20.94000    0.30020  302.03302
  131  213.22241  245.35022   20.93861    0.29780  300.49445
  132  214.28598  245.40960   20.93725    0.29544  298.98358
  133  215.34118  245.46927   20.93592    0.29311  297.49962
  134  216.38811  245.52923   20.93462    0.29082  296.04185
  135  217.42691  245.58948   20.93335    0.28855  294.60953
  136  218.45769  245.65002   20.93210    0.28633  293.20198
  137  219.48055  245.71085   20.93088    0.28413  291.81853
  138  220.49562  245.77195   20.92968    0.28196  290.45854
  139  221.50299  245.83334   20.92851    0.27983  289.12139
  140  222.50277  245.89501   20.92737    0.27772  287.80650
  141  223.49506  245.95695   20.92624    0.27564  286.51329
  142  224.47997  246.01917   20.92514    0.27359  285.24120
  143  225.45759  246.08166   20.92406    0.27156  283.98970
  144  226.42800  246.14443   20.92300    0.26956  282.75828
  145  227.39132  246.20746   20.92197    0.26759  281.54645
  146  228.34762  246.27075   20.92095    0.26564  280.35371
  147  229.29699  246.33432   20.91995    0.26371  279.17962
  148  230.23952  246.39814   20.91897    0.26181  278.02371
  149  231.17530  246.46223   20.91801    0.25994  276.88556
  150  232.10441  246.52657   20.91706    0.25808  275.76475
  151  233.02692  246.59117   20.91614    0.25625  274.66088
  152  233.94292  246.65603   20.91523    0.25444  273.57354
  153  234.85249  246.72114   20.91433    0.25266  272.50237
  154  235.75569  246.78650   20.91345    0.25089  271.44699
  155  236.65261  246.85211   20.91259    0.24914  270.40705
  156  237.54332  246.91797   20.91175    0.24742  269.38220
  157  238.42788  246.98408   20.91091    0.24571  268.37211
  158  239.30637  247.05043   20.91009    0.24402  267.37645
  159  240.17885  247.11703   20.90929    0.24236  266.39492
  160  241.04540  247.18387   20.90850    0.24071  265.42720
  161  241.90607  247.25094   20.90772    0.23908  264.47300
  162  242.76094  247.31826   20.90696    0.23746  263.53203
  163  243.61006  247.38581   20.90620    0.23587  262.60402
  164  244.45350  247.45360   20.90546    0.23429  261.68870
  165  245.29132  247.52162   20.90474    0.23273  260.78579
  166  246.12357  247.58987   20.90402    0.23118  259.89505
  167  246.95032  247.65835   20.90331    0.22965  259.01623
  168  247.77162  247.72706   20.90262    0.22814  258.14909
  169  248.58753  247.79600   20.90194    0.22664  257.29339
  170  249.39811  247.86516   20.90127    0.22516  256.44890
  171  250.20340  247.93455   20.90060    0.22369  255.61541
  172  251.00347  248.00417   20.89995    0.22224  254.79270
  173  251.79836  248.07400   20.89931    0.22080  253.98056
  174  252.58812  248.14405   20.89868    0.21938  253.17878
  175  253.37281  248.21433   20.89805    0.21797  252.38716
  176  254.15248  248.28481   20.89744    0.21657  251.60553
  177  254.92717  248.35552   20.89684    0.21519  250.83367
  178  255.69694  248.42644   20.89624    0.21382  250.07142
  179  256.46183  248.49757   20.89565    0.21247  249.31859
  180  257.22188  248.56892   20.89508    0.21113  248.57500
  181  257.97715  248.64047   20.89451    0.20980  247.84050
  182  258.72767  248.71224   20.89394    0.20848  247.11491
  183  259.47349  248.78421   20.89339    0.20717  246.39808
  184  260.21466  248.85639   20.89284    0.20588  245.68983
  185  260.95122  248.92877   20.89230    0.20460  244.99004
  186  260.95122  249.00126    6.51080    0.00000   76.34779
  187  260.95122  249.07375    6.51080    0.00000   76.34779
  188  260.95122  249.14623    6.51080    0.00000   76.34779
  189  260.95122  249.21872    6.51080    0.00000   76.34779
  190  260.95122  249.29121    6.51080    0.00000   76.34779
  191  260.95122  249.36369    6.51080    0.00000   76.34779
  192  260.95122  249.43618    6.51080    0.00000   76.34779
  193  260.95122  249.50867    6.51080    0.00000   76.34779
  194  260.95122  249.58115    6.51080    0.00000   76.34779
  195  260.95122  249.65364    6.51080    0.00000   76.34779
  196  260.95122  249.72612    6.51080    0.00000   76.34779
  197  260.95122  249.79861    6.51080    0.00000   76.34779
  198  260.95122  249.87110    6.51080    0.00000   76.34779
  199  260.95122  249.94358    6.51080    0.00000   76.34779
  200  260.95122  250.01607    6.51080    0.00000   76.34779
  201  260.95122  250.08856    6.51080    0.00000   76.34779
  202  260.95122  250.16104    6.51080    0.00000   76.34779
  203  260.95122  250.23353    6.51080    0.00000   76.34779
  204  260.95122  250.30602    6.51080    0.00000   76.34779
  205  260.95122  250.37850    6.51080    0.00000   76.34779
  206  260.95122  250.45099    6.51080    0.00000   76.34779
  207  260.95122  250.52348    6.51080    0.00000   76.34779
  208  260.95122  250.59596    6.51080    0.00000   76.34779
  209  260.95122  250.66845    6.51080    0.00000   76.34779
  210  260.95122  250.74094    6.51080    0.00000   76.34779
  211  260.95122  250.81342    6.51080    0.00000   76.34779
  212  260.95122  250.88591    6.51080    0.00000   76.34779
  213  260.95122  250.95839    6.51080    0.00000   76.34779
  214  260.95122  251.03088    6.51080    0.00000   76.34779
  215  260.95122  251.10337    6.51080    0.00000   76.34779
  216  260.95122  251.17585    6.51080    0.00000   76.34779
  217  260.95122  251.24834    6.51080    0.00000   76.34779
  218  260.95122  251.32083    6.51080    0.00000   76.34779
  219  260.95122  251.39331    6.51080    0.00000   76.34779
  220  260.95122  251.46580    6.51080    0.00000   76.34779
  221  260.95122  251.53829    6.51080    0.00000   76.34779
  222  260.95122  251.61077    6.51080    0.00000   76.34779
  223  260.95122  251.68326    6.51080    0.00000   76.34779
  224  260.95122  251.75575    6.51080    0.00000   76.34779
  225  260.95122  251.82823    6.51080    0.00000   76.34779
  226  260.95122  251.90072    6.51080    0.00000   76.34779
  227  260.95122  251.97320    6.51080    0.00000   76.34779
  228  260.95122  252.04569    6.51080    0.00000   76.34779
  229  260.95122  252.11818    6.51080    0.00000   76.34779
  230  260.95122  252.19066    6.51080    0.00000   76.34779
  231  260.95122  252.26315    6.51080    0.00000   76.34779
  232  260.95122  252.33564    6.51080    0.00000   76.34779
  233  260.95122  252.40812    6.51080    0.00000   76.34779
  234  260.95122  252.48061    6.51080    0.00000   76.34779
  235  260.95122  252.55310    6.51080    0.00000   76.34779
  236  260.95122  252.62558    6.51080    0.00000   76.34779
  237  260.95122  252.69807    6.51080    0.00000   76.34779
  238  260.95122  252.77056    6.51080    0.00000   76.34779
  239  260.95122  252.84304    6.51080    0.00000   76.34779
  240  260.95122  252.91553    6.51080    0.00000   76.34779
  241  260.95122  252.98802    6.51080    0.00000   76.34779
  242  260.95122  253.06050    6.51080    0.00000   76.34779
  243  260.95122  253.13299    6.51080    0.00000   76.34779
  244  260.95122  253.20547    6.51080    0.00000   76.34779
  245  260.95122  253.27796    6.51080    0.00000   76.34779
  246  260.95122  253.35045    6.51080    0.00000   76.34779
  247  260.95122  253.42293    6.51080    0.00000   76.34779
  248  260.95122  253.49542    6.51080    0.00000   76.34779
  249  260.95122  253.56791    6.51080    0.00000   76.34779
  250  260.95122  253.64039    6.51080    0.00000   76.34779
  251  260.95122  253.71288    6.51080    0.00000   76.34779
  252  260.95122  253.78537    6.51080    0.00000   76.34779
  253  260.95122  253.85785    6.51080    0.00000   76.34779
  254  260.95122  253.93034    6.51080    0.00000   76.34779
  255  260.95122  254.00283    6.51080    0.00000   76.34779
  256  260.95122  254.07531    6.51080    0.00000   76.34779
  257  260.95122  254.14780    6.51080    0.00000   76.34779
  258  260.95122  254.22028    6.51080    0.00000   76.34779
  259  260.95122  254.29277    6.51080    0.00000   76.34779
  260  260.95122  254.36526    6.51080    0.00000   76.34779
  261  260.95122  254.43774    6.51080    0.00000   76.34779
  262  260.95122  254.51023    6.51080    0.00000   76.34779
  263  260.95122  254.58272    6.51080    0.00000   76.34779
  264  260.95122  254.65520    6.51080    0.00000   76.34779
  265  260.95122  254.72769    6.51080    0.00000   76.34779
  266  260.95122  254.80018    6.51080    0.00000   76.34779
  267  260.95122  254.87266    6.51080    0.00000   76.34779
  268  260.95122  254.94515    6.51080    0.00000   76.34779
  269  260.95122  255.01764    6.51080    0.00000   76.34779
  270  260.95122  255.09012    6.51080    0.00000   76.34779
  271  260.95122  255.16261    6.51080    0.00000   76.34779
  272  260.95122  255.23510    6.51080    0.00000   76.34779
  273  260.95122  255.30758    6.51080    0.00000   76.34779
  274  260.95122  255.38007    6.51080    0.00000   76.34779
  275  260.95122  255.45255    6.51080    0.00000   76.34779
  276  260.95122  255.52504    6.51080    0.00000   76.34779
  277  260.95122  255.59753    6.51080    0.00000   76.34779
  278  260.95122  255.67001    6.51080    0.00000   76.34779
  279  260.95122  255.74250    6.51080    0.00000   76.34779
  280  260.95122  255.81499    6.51080    0.00000   76.34779
  281  260.95122  255.88747    6.51080    0.00000   76.34779
  282  260.95122  255.95996    6.51080    0.00000   76.34779
  283  260.95122  256.03245    6.51080    0.00000   76.34779
  284  260.95122  256.10493    6.51080    0.00000   76.34779
  285  260.95122  256.17742    6.51080    0.00000   76.34779
  286  260.95122  256.24991    6.51080    0.00000   76.34779
  287  260.95122  256.32239    6.51080    0.00000   76.34779
  288  260.95122  256.39488   12.60555    0.00000  147.81678
  289  260.95122  256.46736   12.60555    0.00000  147.81678
  290  260.95122  256.53985   12.60555    0.00000  147.81678
  291  260.95122  256.61234   12.60555    0.00000  147.81678
  292  260.95122  256.68482   12.60555    0.00000  147.81678
  293  260.95122  256.75731   12.60555    0.00000  147.81678
  294  260.95122  256.82980   12.60555    0.00000  147.81678
  295  260.95122  256.90228   12.60555    0.00000  147.81678
  296  260.95122  256.97477   12.60555    0.00000  147.81678
  297  260.95122  257.04726   12.60555    0.00000  147.81678
  298  260.95122  257.11974   12.60555    0.00000  147.81678
  299  260.95122  257.19223   12.60555    0.00000  147.81678
  300  260.95122  257.26472   12.60555    0.00000  147.81678
  301  260.95122  257.33720   12.60555    0.00000  147.81678
  302  260.95122  257.40969   12.60555    0.00000  147.81678
  303  260.95122  257.48218    6.51080    0.00000   76.34779
  304  260.95122  257.55466    6.51080    0.00000   76.34779
  305  260.95122  257.62715    6.51080    0.00000   76.34779
  306  260.95122  257.69963    6.51080    0.00000   76.34779
  307  260.95122  257.77212    6.51080    0.00000   76.34779
  308  260.95122  257.84461    6.51080    0.00000   76.34779
  309  260.95122  257.91709    6.51080    0.00000   76.34779
  310  260.95122  257.98958    6.51080    0.00000   76.34779
  311  260.95122  258.06207    6.51080    0.00000   76.34779
  312  260.95122  258.13455    6.51080    0.00000   76.34779
  313  260.95122  258.20704    6.51080    0.00000   76.34779
  314  260.95122  258.27953    6.51080    0.00000   76.34779
  315  260.95122  258.35201    6.51080    0.00000   76.34779
  316  260.95122  258.42450    6.51080    0.00000   76.34779
  317  260.95122  258.49699    6.51080    0.00000   76.34779
  318  260.95122  258.56947    6.51080    0.00000   76.34779
  319  260.95122  258.64196    6.51080    0.00000   76.34779
  320  260.95122  258.71444    6.51080    0.00000   76.34779
  321  260.95122  258.78693    6.51080    0.00000   76.34779
  322  260.95122  258.85942    6.51080    0.00000   76.34779
  323  260.95122  258.93190    6.51080    0.00000   76.34779
  324  260.95122  259.00439    6.51080    0.00000   76.34779
  325  260.95122  259.07688    6.51080    0.00000   76.34779
  326  260.95122  259.14936    6.51080    0.00000   76.34779
  327  260.95122  259.22185    6.51080    0.00000   76.34779
  328  260.95122  259.29434    6.51080    0.00000   76.34779
  329  260.95122  259.36682    6.51080    0.00000   76.34779
  330  260.95122  259.43931    6.51080    0.00000   76.34779
  331  260.95122  259.51180    6.51080    0.00000   76.34779
  332  260.95122  259.58428    6.51080    0.00000   76.34779
  333  260.95122  259.65677    6.51080    0.00000   76.34779
  334  260.95122  259.72926    6.51080    0.00000   76.34779
  335  260.95122  259.80174    6.51080    0.00000   76.34779
  336  260.95122  259.87423    6.51080    0.00000   76.34779
  337  260.95122  259.94671    6.51080    0.00000   76.34779
  338  260.95122  260.01920    6.51080    0.00000   76.34779
  339  260.95122  260.09169    6.51080    0.00000   76.34779
  340  260.95122  260.16417    6.51080    0.00000   76.34779
  341  260.95122  260.23666    6.51080    0.00000   76.34779
  342  260.95122  260.30915    6.51080    0.00000   76.34779
  343  260.95122  260.38163    6.51080    0.00000   76.34779
  344  260.95122  260.45412    6.51080    0.00000   76.34779
  345  260.95122  260.52661    6.51080    0.00000   76.34779
  346  260.95122  260.59909    6.51080    0.00000   76.34779
  347  260.95122  260.67158    6.51080    0.00000   76.34779
  348  260.95122  260.74407    6.51080    0.00000   76.34779
  349  260.95122  260.81655    6.51080    0.00000   76.34779
  350  260.95122  260.88904    6.51080    0.00000   76.34779
  351  260.95122  260.96152    6.51080    0.00000   76.34779
  352  260.95122  261.03401    6.51080    0.00000   76.34779
  353  260.95122  261.10650    6.51080    0.00000   76.34779
  354  260.95122  261.17898    6.51080    0.00000   76.34779
  355  260.95122  261.25147    6.51080    0.00000   76.34779
  356  260.95122  261.32396    6.51080    0.00000   76.34779
  357  260.95122  261.39644    6.51080    0.00000   76.34779
  358  260.95122  261.46893    6.51080    0.00000   76.34779
  359  260.95122  261.54142    6.51080    0.00000   76.34779
  360  260.95122  261.61390    6.51080    0.00000   76.34779
  361  260.95122  261.68639    6.51080    0.00000   76.34779
  362  260.95122  261.75888    6.51080    0.00000   76.34779
  363  260.95122  261.83136    6.51080    0.00000   76.34779
  364  260.95122  261.90385    6.51080    0.00000   76.34779
  365  260.95122  261.97634    6.51080    0.00000   76.34779
  366  260.95122  262.04882    6.51080    0.00000   76.34779
  367  260.95122  262.12131    6.51080    0.00000   76.34779
  368  260.95122  262.19379    6.51080    0.00000   76.34779
  369  260.95122  262.26628    6.51080    0.00000   76.34779
  370  260.95122  262.33877    6.51080    0.00000   76.34779
  371  260.95122  262.41125    6.51080    0.00000   76.34779
  372  260.95122  262.48374    6.51080    0.00000   76.34779
  373  260.95122  262.55623    6.51080    0.00000   76.34779
  374  260.95122  262.62871    6.51080    0.00000   76.34779
  375  260.95122  262.70120    6.51080    0.00000   76.34779
  376  260.95122  262.77369    6.51080    0.00000   76.34779
  377  260.95122  262.84617    6.51080    0.00000   76.34779
  378  260.95122  262.91866    6.51080    0.00000   76.34779
  379  260.95122  262.99115    6.51080    0.00000   76.34779
  380  260.95122  263.06363    6.51080    0.00000   76.34779
  381  260.95122  263.13612    6.51080    0.00000   76.34779
  382  260.95122  263.20860    6.51080    0.00000   76.34779
  383  260.95122  263.28109    6.51080    0.00000   76.34779
  384  260.95122  263.35358    6.51080    0.00000   76.34779
  385  260.95122  263.42606    6.51080    0.00000   76.34779
  386  260.95122  263.49855    6.51080    0.00000   76.34779
  387  260.95122  263.57104    6.51080    0.00000   76.34779
  388  260.95122  263.64352    6.51080    0.00000   76.34779
  389  260.95122  263.71601    6.51080    0.00000   76.34779
  390  260.95122  263.78850    6.51080    0.00000   76.34779
  391  260.95122  263.86098    6.51080    0.00000   76.34779
  392  260.95122  263.93347    6.51080    0.00000   76.34779
  393  260.95122  264.00596    6.51080    0.00000   76.34779
  394  260.95122  264.07844    6.51080    0.00000   76.34779
  395  260.95122  264.15093    0.09128    0.00000    1.07037
  396  260.95122  264.22342    0.09128    0.00000    1.07037
  397  260.95122  264.29590    0.09128    0.00000    1.07037
  398  260.95122  264.36839    0.09128    0.00000    1.07037
  399  260.95122  264.44087    0.09128    0.00000    1.07037
  400  260.95122  264.51336    0.09128    0.00000    1.07037
  401  260.95122  264.58585    0.09128    0.00000    1.07037
  402  260.95122  264.65833    0.09128    0.00000    1.07037
  403  260.95122  264.73082    0.09128    0.00000    1.07037
  404  260.95122  264.80331    0.09128    0.00000    1.07037
  405  260.95122  264.87579    0.09128    0.00000    1.07037
  406  260.95122  264.94828    0.09128    0.00000    1.07037
  407  260.95122  265.02077    0.09128    0.00000    1.07037
  408  260.95122  265.09325    0.09128    0.00000    1.07037
  409  260.95122  265.16574    6.51080    0.00000   76.34779
  410  260.95122  265.23823    6.51080    0.00000   76.34779
  411  260.95122  265.31071    6.51080    0.00000   76.34779
  412  260.95122  265.38320    6.51080    0.00000   76.34779
  413  260.95122  265.45568    6.51080    0.00000   76.34779
  414  260.95122  265.52817    6.51080    0.00000   76.34779
  415  260.95122  265.60066    6.51080    0.00000   76.34779
  416  260.95122  265.67314    6.51080    0.00000   76.34779
  417  260.95122  265.74563    6.51080    0.00000   76.34779
  418  260.95122  265.81812    6.51080    0.00000   76.34779
  419  260.95122  265.89060    6.51080    0.00000   76.34779
  420  260.95122  265.96309    6.51080    0.00000   76.34779
  421  260.95122  266.03558    6.51080    0.00000   76.34779
  422  260.95122  266.10806    6.51080    0.00000   76.34779
  423  260.95122  266.18055    6.51080    0.00000   76.34779
  424  260.95122  266.25304    6.51080    0.00000   76.34779
  425  260.95122  266.32552    6.51080    0.00000   76.34779
  426  260.95122  266.39801    6.51080    0.00000   76.34779
  427  260.95122  266.47050    6.51080    0.00000   76.34779
  428  260.95122  266.54298    6.51080    0.00000   76.34779
  429  260.95122  266.61547    6.51080    0.00000   76.34779
  430  260.95122  266.68795    6.51080    0.00000   76.34779
  431  260.95122  266.76044    6.51080    0.00000   76.34779
  432  260.95122  266.83293    6.51080    0.00000   76.34779
  433  260.95122  266.90541    6.51080    0.00000   76.34779
  434  260.95122  266.97790    6.51080    0.00000   76.34779
  435  260.95122  267.05039    6.51080    0.00000   76.34779
  436  260.95122  267.12287    6.51080    0.00000   76.34779
  437  260.95122  267.19536    6.51080    0.00000   76.34779
  438  260.95122  267.26785    6.51080    0.00000   76.34779
  439  260.95122  267.34033    6.51080    0.00000   76.34779
  440  260.95122  267.41282    6.51080    0.00000   76.34779
  441  260.95122  267.48531    6.51080    0.00000   76.34779
  442  260.95122  267.55779    6.51080    0.00000   76.34779
  443  260.95122  267.63028    6.51080    0.00000   76.34779
  444  260.95122  267.70276    6.51080    0.00000   76.34779
  445  260.61847  267.77521    0.00000   -0.09243    0.00000
  446  260.28642  267.84755    0.00000   -0.09224    0.00000
  447  259.95508  267.91981    0.00000   -0.09204    0.00000
  448  259.62443  267.99197    0.00000   -0.09185    0.00000
  449  259.29448  268.06404    0.00000   -0.09165    0.00000
  450  258.96522  268.13603    0.00000   -0.09146    0.00000
  451  258.63666  268.20791    0.00000   -0.09127    0.00000
  452  258.30879  268.27971    0.00000   -0.09108    0.00000
  453  257.98160  268.35142    0.00000   -0.09089    0.00000
  454  257.65510  268.42304    0.00000   -0.09069    0.00000
  455  257.32928  268.49456    0.00000   -0.09050    0.00000
  456  257.00415  268.56600    0.00000   -0.09032    0.00000
  457  256.67969  268.63734    0.00000   -0.09013    0.00000
  458  256.35591  268.70860    0.00000   -0.08994    0.00000
  459  256.03281  268.77976    0.00000   -0.08975    0.00000
  460  255.71038  268.85084    0.00000   -0.08956    0.00000
  461  255.38862  268.92182    0.00000   -0.08938    0.00000
  462  255.06753  268.99272    0.00000   -0.08919    0.00000
  463  254.74710  269.06353    0.00000   -0.08901    0.00000
  464  254.42734  269.13425    0.00000   -0.08882    0.00000
  465  254.10824  269.20488    0.00000   -0.08864    0.00000
  466  253.78981  269.27542    0.00000   -0.08845    0.00000
  467  253.47203  269.34587    0.00000   -0.08827    0.00000
  468  253.15491  269.41623    0.00000   -0.08809    0.00000
  469  252.83844  269.48651    0.00000   -0.08791    0.00000
  470  252.52262  269.55670    0.00000   -0.08773    0.00000
  471  252.20746  269.62680    0.00000   -0.08755    0.00000
  472  251.89294  269.69682    0.00000   -0.08737    0.00000
  473  251.57907  269.76674    0.00000   -0.08719    0.00000
  474  251.26584  269.83658    0.00000   -0.08701    0.00000
  475  250.95326  269.90633    0.00000   -0.08683    0.00000
  476  250.64131  269.97600    0.00000   -0.08665    0.00000
  477  250.33000  270.04558    0.00000   -0.08647    0.00000
  478  250.01933  270.11507    0.00000   -0.08630    0.00000
  479  249.70930  270.18448    0.00000   -0.08612    0.00000
  480  249.39990  270.25380    0.00000   -0.08595    0.00000
  481  249.09112  270.32304    0.00000   -0.08577    0.00000
  482  248.78298  270.39218    0.00000   -0.08560    0.00000
  483  248.47546  270.46125    0.00000   -0.08542    0.00000
  484  248.16857  270.53023    0.00000   -0.08525    0.00000
  485  247.86230  270.59912    0.00000   -0.08507    0.00000
  486  247.55665  270.66793    0.00000   -0.08490    0.00000
  487  247.25162  270.73665    0.00000   -0.08473    0.00000
  488  246.94721  270.80529    0.00000   -0.08456    0.00000
  489  246.64341  270.87384    0.00000   -0.08439    0.00000
  490  246.74036  270.94237    0.00000    0.02693    0.00000
  491  246.83711  271.01092    0.00000    0.02688    0.00000
  492  246.93366  271.07950    0.00000    0.02682    0.00000
  493  247.03003  271.14811    0.00000    0.02677    0.00000
  494  247.12619  271.21674    0.00000    0.02671    0.00000
  495  247.22216  271.28540    0.00000    0.02666    0.00000
  496  247.31794  271.35409    0.00000    0.02660    0.00000
  497  247.41352  271.42280    0.00000    0.02655    0.00000
  498  247.50891  271.49154    0.00000    0.02650    0.00000
  499  247.60411  271.56030    0.00000    0.02644    0.00000
  500  247.69912  271.62910    0.00000    0.02639    0.00000
  501  247.79393  271.69791    0.00000    0.02634    0.00000
  502  247.88855  271.76676    0.00000    0.02628    0.00000
  503  247.98298  271.83563    0.00000    0.02623    0.00000
  504  248.07721  271.90453    0.00000    0.02618    0.00000
  505  248.17126  271.97345    0.00000    0.02612    0.00000
  506  248.26511  272.04240    0.00000    0.02607    0.00000
  507  248.35878  272.11138    0.00000    0.02602    0.00000
  508  248.45225  272.18038    0.00000    0.02597    0.00000
  509  248.14541  272.24935    0.00000   -0.08523    0.00000
  510  247.83919  272.31824    0.00000   -0.08506    0.00000
  511  247.53358  272.38704    0.00000   -0.08489    0.00000
  512  247.22860  272.45575    0.00000   -0.08472    0.00000
  513  246.92423  272.52439    0.00000   -0.08455    0.00000
  514  246.62048  272.59294    0.00000   -0.08438    0.00000
  515  246.31735  272.66140    0.00000   -0.08420    0.00000
  516  246.01482  272.72978    0.00000   -0.08404    0.00000
  517  245.71290  272.79807    0.00000   -0.08387    0.00000
  518  245.41159  272.86629    0.00000   -0.08370    0.00000
  519  245.11089  272.93441    0.00000   -0.08353    0.00000
  520  244.81079  273.00246    0.00000   -0.08336    0.00000
  521  244.51130  273.07042    0.00000   -0.08319    0.00000
  522  244.21240  273.13830    0.00000   -0.08303    0.00000
  523  243.91410  273.20609    0.00000   -0.08286    0.00000
  524  243.61640  273.27381    0.00000   -0.08269    0.00000
  525  243.31930  273.34144    0.00000   -0.08253    0.00000
  526  243.02278  273.40898    0.00000   -0.08236    0.00000
  527  242.72686  273.47645    0.00000   -0.08220    0.00000
  528  242.43153  273.54383    0.00000   -0.08204    0.00000
  529  242.13679  273.61113    0.00000   -0.08187    0.00000
  530  241.84263  273.67835    0.00000   -0.08171    0.00000
  531  241.54906  273.74549    0.00000   -0.08155    0.00000
  532  241.25607  273.81255    0.00000   -0.08139    0.00000
  533  240.96366  273.87952    0.00000   -0.08122    0.00000
  534  240.67183  273.94641    0.00000   -0.08106    0.00000
  535  240.38058  274.01323    0.00000   -0.08090    0.00000
  536  240.08990  274.07996    0.00000   -0.08074    0.00000
  537  239.79980  274.14661    0.00000   -0.08058    0.00000
  538  239.51027  274.21318    0.00000   -0.08043    0.00000
  539  239.22131  274.27967    0.00000   -0.08027    0.00000
  540  238.93292  274.34608    0.00000   -0.08011    0.00000
  541  238.64509  274.41241    0.00000   -0.07995    0.00000
  542  238.35783  274.47866    0.00000   -0.07979    0.00000
  543  238.07114  274.54483    0.00000   -0.07964    0.00000
  544  237.78501  274.61093    0.00000   -0.07948    0.00000
  545  237.49944  274.67694    0.00000   -0.07933    0.00000
  546  237.21443  274.74287    0.00000   -0.07917    0.00000
  547  236.92997  274.80872    0.00000   -0.07902    0.00000
  548  236.64607  274.87450    0.00000   -0.07886    0.00000
  549  236.36273  274.94019    0.00000   -0.07871    0.00000
  550  236.07994  275.00581    0.00000   -0.07855    0.00000
  551  235.79769  275.07135    0.00000   -0.07840    0.00000
  552  235.51600  275.13681    0.00000   -0.07825    0.00000
  553  235.23486  275.20219    0.00000   -0.07810    0.00000
  554  234.95426  275.26749    0.00000   -0.07794    0.00000
  555  234.67420  275.33272    0.00000   -0.07779    0.00000
  556  234.39469  275.39787    0.00000   -0.07764    0.00000
  557  234.11572  275.46294    0.00000   -0.07749    0.00000
  558  233.83729  275.52793    0.00000   -0.07734    0.00000
  559  233.55940  275.59285    0.00000   -0.07719    0.00000
  560  233.28204  275.65769    0.00000   -0.07704    0.00000
  561  233.00522  275.72245    0.00000   -0.07689    0.00000
  562  232.72893  275.78714    0.00000   -0.07675    0.00000
  563  232.45318  275.85175    0.00000   -0.07660    0.00000
  564  232.17795  275.91628    0.00000   -0.07645    0.00000
  565  231.90325  275.98073    0.00000   -0.07630    0.00000
  566  231.62909  276.04511    0.00000   -0.07616    0.00000
  567  231.35544  276.10942    0.00000   -0.07601    0.00000
  568  231.08232  276.17364    0.00000   -0.07587    0.00000
  569  230.80973  276.23780    0.00000   -0.07572    0.00000
  570  230.53765  276.30187    0.00000   -0.07558    0.00000
  571  230.26610  276.36587    0.00000   -0.07543    0.00000
  572  229.99506  276.42980    0.00000   -0.07529    0.00000
  573  229.72454  276.49365    0.00000   -0.07514    0.00000
  574  229.45453  276.55742    0.00000   -0.07500    0.00000
  575  229.18504  276.62112    0.00000   -0.07486    0.00000
  576  228.91606  276.68475    0.00000   -0.07472    0.00000
  577  228.64759  276.74830    0.00000   -0.07457    0.00000
  578  228.37963  276.81177    0.00000   -0.07443    0.00000
  579  228.11218  276.87517    0.00000   -0.07429    0.00000
  580  227.84524  276.93850    0.00000   -0.07415    0.00000
  581  227.57880  277.00176    0.00000   -0.07401    0.00000
  582  227.31287  277.06493    0.00000   -0.07387    0.00000
  583  227.04743  277.12804    0.00000   -0.07373    0.00000
  584  226.78250  277.19107    0.00000   -0.07359    0.00000
  585  226.51807  277.25403    0.00000   -0.07345    0.00000
  586  226.25413  277.31692    0.00000   -0.07332    0.00000
  587  225.99069  277.37973    0.00000   -0.07318    0.00000
  588  225.72775  277.44247    0.00000   -0.07304    0.00000
  589  225.46530  277.50513    0.00000   -0.07290    0.00000
  590  225.20334  277.56772    0.00000   -0.07277    0.00000
  591  224.94188  277.63025    0.00000   -0.07263    0.00000
  592  224.68090  277.69269    0.00000   -0.07249    0.00000
  593  224.42041  277.75507    0.00000   -0.07236    0.00000
  594  224.16041  277.81737    0.00000   -0.07222    0.00000
  595  223.90089  277.87960    0.00000   -0.07209    0.00000
  596  223.64186  277.94176    0.00000   -0.07195    0.00000
  597  223.38331  278.00385    0.00000   -0.07182    0.00000
  598  223.12524  278.06586    0.00000   -0.07169    0.00000
  599  222.86766  278.12781    0.00000   -0.07155    0.00000
  600  222.61055  278.18968    0.00000   -0.07142    0.00000
  601  222.35392  278.25148    0.00000   -0.07129    0.00000
  602  222.09776  278.31321    0.00000   -0.07115    0.00000
  603  221.84208  278.37487    0.00000   -0.07102    0.00000
  604  221.58687  278.43645    0.00000   -0.07089    0.00000
  605  221.33214  278.49797    0.00000   -0.07076    0.00000
  606  221.07787  278.55942    0.00000   -0.07063    0.00000
  607  220.82408  278.62079    0.00000   -0.07050    0.00000
  608  220.57075  278.68210    0.00000   -0.07037    0.00000
  609  220.31789  278.74333    0.00000   -0.07024    0.00000
  610  220.06549  278.80449    0.00000   -0.07011    0.00000
  611  219.81356  278.86559    0.00000   -0.06998    0.00000
  612  219.56210  278.92661    0.00000   -0.06985    0.00000
  613  219.31109  278.98757    0.00000   -0.06972    0.00000
  614  219.06055  279.04845    0.00000   -0.06960    0.00000
  615  218.81046  279.10927    0.00000   -0.06947    0.00000
  616  218.56083  279.17001    0.00000   -0.06934    0.00000
  617  218.31166  279.23069    0.00000   -0.06921    0.00000
  618  218.06294  279.29130    0.00000   -0.06909    0.00000
  619  217.81468  279.35184    0.00000   -0.06896    0.00000
  620  217.56687  279.41231    0.00000   -0.06884    0.00000
  621  217.31952  279.47271    0.00000   -0.06871    0.00000
  622  217.07261  279.53304    0.00000   -0.06859    0.00000
  623  216.82615  279.59330    0.00000   -0.06846    0.00000
  624  216.58014  279.65350    0.00000   -0.06834    0.00000
  625  215.78485  279.71355   -0.00778   -0.22091   -0.15270
  626  214.99100  279.77338   -0.00775   -0.22051   -0.15270
  627  214.19858  279.83299   -0.00772   -0.22012   -0.15270
  628  213.40759  279.89238   -0.00769   -0.21972   -0.15270
  629  212.61802  279.95155   -0.00767   -0.21932   -0.15270
  630  211.82987  280.01050   -0.00764   -0.21893   -0.15270
  631  211.04312  280.06923   -0.00761   -0.21854   -0.15270
  632  210.25778  280.12775   -0.00758   -0.21815   -0.15270
  633  209.47383  280.18604   -0.00755   -0.21776   -0.15270
  634  208.69126  280.24412   -0.00752   -0.21738   -0.15270
  635  207.91008  280.30198   -0.00750   -0.21700   -0.15270
  636  207.13027  280.35963   -0.00747   -0.21661   -0.15270
  637  206.35183  280.41706   -0.00744   -0.21623   -0.15270
  638  205.57475  280.47427   -0.00741   -0.21586   -0.15270
  639  204.79902  280.53126   -0.00738   -0.21548   -0.15270
  640  204.02464  280.58804   -0.00736   -0.21510   -0.15270
  641  203.25161  280.64461   -0.00733   -0.21473   -0.15270
  642  202.47991  280.70096   -0.00730   -0.21436   -0.15270
  643  201.70954  280.75710   -0.00727   -0.21399   -0.15270
  644  200.94049  280.81302   -0.00724   -0.21362   -0.15270
  645  200.17276  280.86873   -0.00722   -0.21326   -0.15270
  646  199.40634  280.92423   -0.00719   -0.21289   -0.15270
  647  198.64122  280.97952   -0.00716   -0.21253   -0.15270
  648  197.87741  281.03459   -0.00713   -0.21217   -0.15270
  649  197.11488  281.08945   -0.00711   -0.21181   -0.15270
  650  196.35364  281.14410   -0.00708   -0.21146   -0.15270
  651  195.59368  281.19853   -0.00705   -0.21110   -0.15270
  652  194.83499  281.25276   -0.00702   -0.21075   -0.15270
  653  194.07757  281.30677   -0.00700   -0.21039   -0.15270
  654  193.32142  281.36058   -0.00697   -0.21004   -0.15270
  655  192.56651  281.41418   -0.00694   -0.20969   -0.15270
  656  191.81286  281.46756   -0.00692   -0.20935   -0.15270
  657  191.06045  281.52074   -0.00689   -0.20900   -0.15270
  658  190.30928  281.57371   -0.00686   -0.20866   -0.15270
  659  189.55935  281.62647   -0.00683   -0.20832   -0.15270
  660  188.81063  281.67902   -0.00681   -0.20798   -0.15270
  661  188.06314  281.73136   -0.00678   -0.20764   -0.15270
  662  187.31687  281.78350   -0.00675   -0.20730   -0.15270
  663  186.57180  281.83543   -0.00673   -0.20696   -0.15270
  664  185.82793  281.88715   -0.00670   -0.20663   -0.15270
  665  185.08527  281.93866   -0.00667   -0.20630   -0.15270
  666  184.34379  281.98997   -0.00665   -0.20597   -0.15270
  667  183.60350  282.04108   -0.00662   -0.20564   -0.15270
  668  182.86440  282.09198   -0.00659   -0.20531   -0.15270
  669  182.12646  282.14267   -0.00657   -0.20498   -0.15270
  670  181.38970  282.19316   -0.00654   -0.20466   -0.15270
  671  180.65410  282.24344   -0.00651   -0.20433   -0.15270
  672  179.91966  282.29352   -0.00649   -0.20401   -0.15270
  673  179.18637  282.34340   -0.00646   -0.20369   -0.15270
  674  178.45423  282.39307   -0.00643   -0.20337   -0.15270
  675  177.72323  282.44254   -0.00641   -0.20305   -0.15270
  676  176.99337  282.49180   -0.00638   -0.20274   -0.15270
  677  176.26464  282.54087   -0.00636   -0.20242   -0.15270
  678  175.53704  282.58973   -0.00633   -0.20211   -0.15270
  679  174.81056  282.63839   -0.00630   -0.20180   -0.15270
  680  174.08519  282.68685   -0.00628   -0.20149   -0.15270
  681  173.36094  282.73510   -0.00625   -0.20118   -0.15270
  682  172.63778  282.78316   -0.00622   -0.20088   -0.15270
  683  171.91573  282.83101   -0.00620   -0.20057   -0.15270
  684  171.19477  282.87867   -0.00617   -0.20027   -0.15270
  685  170.47491  282.92612   -0.00615   -0.19996   -0.15270
  686  169.75612  282.97338   -0.00612   -0.19966   -0.15270
  687  169.03842  283.02043   -0.00609   -0.19936   -0.15270
  688  168.32179  283.06729   -0.00607   -0.19906   -0.15270
  689  167.60623  283.11394   -0.00604   -0.19877   -0.15270
  690  166.89173  283.16040   -0.00602   -0.19847   -0.15270
  691  166.17829  283.20666   -0.00599   -0.19818   -0.15270
  692  165.46591  283.25272   -0.00597   -0.19788   -0.15270
  693  164.75457  283.29859   -0.00594   -0.19759   -0.15270
  694  164.04428  283.34425   -0.00591   -0.19730   -0.15270
  695  163.33502  283.38972   -0.00589   -0.19701   -0.15270
  696  162.62681  283.43499   -0.00586   -0.19673   -0.15270
  697  161.91962  283.48007   -0.00584   -0.19644   -0.15270
  698  161.21345  283.52495   -0.00581   -0.19616   -0.15270
  699  160.50830  283.56963   -0.00579   -0.19587   -0.15270
  700  159.80417  283.61412   -0.00576   -0.19559   -0.15270
  701  159.10105  283.65841   -0.00574   -0.19531   -0.15270
  702  158.39893  283.70251   -0.00571   -0.19503   -0.15270
  703  157.69782  283.74641   -0.00569   -0.19475   -0.15270
  704  156.99770  283.79012   -0.00566   -0.19448   -0.15270
  705  156.29856  283.83363   -0.00564   -0.19420   -0.15270
  706  155.60042  283.87695   -0.00561   -0.19393   -0.15270
  707  154.90326  283.92008   -0.00559   -0.19366   -0.15270
  708  154.20707  283.96301   -0.00556   -0.19339   -0.15270
  709  153.51186  284.00575   -0.00553   -0.19312   -0.15270
  710  152.81761  284.04830   -0.00551   -0.19285   -0.15270
  711  152.12433  284.09065   -0.00548   -0.19258   -0.15270
  712  151.43200  284.13281   -0.00546   -0.19231   -0.15270
  713  150.74063  284.17478   -0.00543   -0.19205   -0.15270
  714  150.05020  284.21655   -0.00541   -0.19178   -0.15270
  715  149.36073  284.25814   -0.00539   -0.19152   -0.15270
  716  148.67219  284.29953   -0.00536   -0.19126   -0.15270
  717  147.98458  284.34073   -0.00534   -0.19100   -0.15270
  718  147.29791  284.38175   -0.00531   -0.19074   -0.15270
  719  146.61217  284.42257   -0.00529   -0.19048   -0.15270
  720  145.92735  284.46320   -0.00526   -0.19023   -0.15270
  721  145.24344  284.50364   -0.00524   -0.18997   -0.15270
  722  144.56045  284.54389   -0.00521   -0.18972   -0.15270
  723  143.87837  284.58395   -0.00519   -0.18947   -0.15270
  724  143.19719  284.62382   -0.00516   -0.18922   -0.15270
  725  142.51691  284.66350   -0.00514   -0.18897   -0.15270
  726  141.83753  284.70300   -0.00511   -0.18872   -0.15270
  727  141.15904  284.74230   -0.00509   -0.18847   -0.15270
  728  140.48144  284.78142   -0.00507   -0.18822   -0.15270
  729  139.80472  284.82035   -0.00504   -0.18798   -0.15270
  730  139.12888  284.85909   -0.00502   -0.18773   -0.15270
  731  138.45392  284.89764   -0.00499   -0.18749   -0.15270
  732  137.77982  284.93601   -0.00497   -0.18725   -0.15270
  733  137.10660  284.97419   -0.00494   -0.18701   -0.15270
  734  136.43423  285.01218   -0.00492   -0.18677   -0.15270
  735  135.76272  285.04998   -0.00489   -0.18653   -0.15270
  736  135.09207  285.08760   -0.00487   -0.18629   -0.15270
  737  134.42227  285.12503   -0.00485   -0.18606   -0.15270
  738  133.75331  285.16228   -0.00482   -0.18582   -0.15270
  739  133.08519  285.19934   -0.00480   -0.18559   -0.15270
  740  132.41791  285.23622   -0.00477   -0.18536   -0.15270
  741  131.75147  285.27291   -0.00475   -0.18512   -0.15270
  742  131.08585  285.30941   -0.00473   -0.18489   -0.15270
  743  130.42106  285.34573   -0.00470   -0.18466   -0.15270
  744  129.75709  285.38187   -0.00468   -0.18444   -0.15270
  745  129.09394  285.41782   -0.00465   -0.18421   -0.15270
  746  128.43160  285.45359   -0.00463   -0.18398   -0.15270
  747  127.77007  285.48917   -0.00461   -0.18376   -0.15270
  748  127.10934  285.52457   -0.00458   -0.18353   -0.15270
  749  126.44942  285.55979   -0.00456   -0.18331   -0.15270
  750  125.79030  285.59482   -0.00454   -0.18309   -0.15270
  751  125.13197  285.62967   -0.00451   -0.18287   -0.15270
  752  124.47442  285.66434   -0.00449   -0.18265   -0.15270
  753  123.81767  285.69882   -0.00446   -0.18243   -0.15270
  754  123.16170  285.73313   -0.00444   -0.18221   -0.15270
  755  122.50650  285.76725   -0.00442   -0.18200   -0.15270
  756  121.85208  285.80119   -0.00439   -0.18178   -0.15270
  757  121.19843  285.83494   -0.00437   -0.18157   -0.15270
  758  120.54555  285.86852   -0.00435   -0.18136   -0.15270
  759  119.89343  285.90191   -0.00432   -0.18114   -0.15270
  760  119.24207  285.93513   -0.00430   -0.18093   -0.15270
  761  118.59146  285.96816   -0.00428   -0.18072   -0.15270
  762  117.94161  286.00101   -0.00425   -0.18051   -0.15270
  763  117.29250  286.03368   -0.00423   -0.18031   -0.15270
  764  116.64414  286.06617   -0.00421   -0.18010   -0.15270
  765  115.99652  286.09848   -0.00418   -0.17989   -0.15270
  766  115.34964  286.13062   -0.00416   -0.17969   -0.15270
  767  114.70349  286.16257   -0.00414   -0.17949   -0.15270
  768  114.05807  286.19434   -0.00411   -0.17928   -0.15270
  769  113.41337  286.22593   -0.00409   -0.17908   -0.15270
  770  112.76940  286.25735   -0.00407   -0.17888   -0.15270
  771  112.12615  286.28858   -0.00404   -0.17868   -0.15270
  772  111.48361  286.31964   -0.00402   -0.17848   -0.15270
  773  110.84179  286.35052   -0.00400   -0.17829   -0.15270
  774  110.20067  286.38122   -0.00397   -0.17809   -0.15270
  775  109.56025  286.41174   -0.00395   -0.17789   -0.15270
  776  108.92054  286.44209   -0.00393   -0.17770   -0.15270
  777  108.28153  286.47225   -0.00390   -0.17750   -0.15270
  778  107.64320  286.50224   -0.00388   -0.17731   -0.15270
  779  107.00557  286.53205   -0.00386   -0.17712   -0.15270
  780  106.36863  286.56169   -0.00384   -0.17693   -0.15270
  781  105.73237  286.59115   -0.00381   -0.17674   -0.15270
  782  105.09679  286.62043   -0.00379   -0.17655   -0.15270
  783  104.46188  286.64954   -0.00377   -0.17636   -0.15270
  784  103.82765  286.67846   -0.00374   -0.17618   -0.15270
  785  103.19409  286.70722   -0.00372   -0.17599   -0.15270
  786  102.56120  286.73579   -0.00370   -0.17580   -0.15270
  787  101.92896  286.76420   -0.00368   -0.17562   -0.15270
  788  101.29739  286.79242   -0.00365   -0.17544   -0.15270
  789  100.66647  286.82047   -0.00363   -0.17525   -0.15270
  790  100.03621  286.84835   -0.00361   -0.17507   -0.15270
  791   99.40659  286.87605   -0.00358   -0.17489   -0.15270
  792   98.77763  286.90357   -0.00356   -0.17471   -0.15270
  793   98.14930  286.93092   -0.00354   -0.17454   -0.15270
  794   97.52161  286.95810   -0.00352   -0.17436   -0.15270
  795   96.89456  286.98510   -0.00349   -0.17418   -0.15270
  796   96.26814  287.01193   -0.00347   -0.17401   -0.15270
  797   95.64235  287.03859   -0.00345   -0.17383   -0.15270
  798   95.01719  287.06507   -0.00343   -0.17366   -0.15270
  799   94.39265  287.09137   -0.00340   -0.17348   -0.15270
  800   93.76873  287.11751   -0.00338   -0.17331   -0.15270
  801   93.14542  287.14347   -0.00336   -0.17314   -0.15270
  802   92.52273  287.16925   -0.00334   -0.17297   -0.15270
  803   91.90065  287.19487   -0.00331   -0.17280   -0.15270
  804   91.27918  287.22031   -0.00329   -0.17263   -0.15270
  805   90.65830  287.24558   -0.00327   -0.17246   -0.15270
  806   90.03803  287.27068   -0.00325   -0.17230   -0.15270
  807   89.41836  287.29560   -0.00322   -0.17213   -0.15270
  808   88.79928  287.32035   -0.00320   -0.17197   -0.15270
  809   88.18079  287.34493   -0.00318   -0.17180   -0.15270
  810   87.56289  287.36934   -0.00316   -0.17164   -0.15270
  811   86.94557  287.39358   -0.00313   -0.17148   -0.15270
  812   86.32883  287.41765   -0.00311   -0.17132   -0.15270
  813   85.71268  287.44154   -0.00309   -0.17115   -0.15270
  814   85.09709  287.46526   -0.00307   -0.17100   -0.15270
  815   84.48208  287.48882   -0.00305   -0.17084   -0.15270
  816   83.86764  287.51220   -0.00302   -0.17068   -0.15270
  817   83.25377  287.53541   -0.00300   -0.17052   -0.15270
  818   82.64045  287.55845   -0.00298   -0.17036   -0.15270
  819   82.02770  287.58132   -0.00296   -0.17021   -0.15270
  820   81.41550  287.60402   -0.00294   -0.17005   -0.15270
  821   80.80386  287.62655   -0.00291   -0.16990   -0.15270
  822   80.19277  287.64891   -0.00289   -0.16975   -0.15270
  823   79.58222  287.67110   -0.00287   -0.16960   -0.15270
  824   78.97222  287.69312   -0.00285   -0.16944   -0.15270
  825   78.36276  287.71498   -0.00283   -0.16929   -0.15270
  826   77.75384  287.73666   -0.00280   -0.16914   -0.15270
  827   77.14546  287.75817   -0.00278   -0.16900   -0.15270
  828   76.53761  287.77952   -0.00276   -0.16885   -0.15270
  829   75.93028  287.80069   -0.00274   -0.16870   -0.15270
  830   75.32349  287.82170   -0.00272   -0.16855   -0.15270
  831   74.71722  287.84254   -0.00269   -0.16841   -0.15270
  832   74.11147  287.86321   -0.00267   -0.16826   -0.15270
  833   73.50623  287.88371   -0.00265   -0.16812   -0.15270
  834   72.90152  287.90405   -0.00263   -0.16798   -0.15270
  835   72.29731  287.92422   -0.00261   -0.16783   -0.15270
  836   71.69361  287.94421   -0.00258   -0.16769   -0.15270
  837   71.09042  287.96405   -0.00256   -0.16755   -0.15270
  838   70.48774  287.98371   -0.00254   -0.16741   -0.15270
  839   69.88555  288.00320   -0.00252   -0.16727   -0.15270
  840   69.28386  288.02253   -0.00250   -0.16714   -0.15270
  841   68.68267  288.04170   -0.00248   -0.16700   -0.15270
  842   68.08197  288.06069   -0.00245   -0.16686   -0.15270
  843   67.48175  288.07952   -0.00243   -0.16673   -0.15270
  844   66.88203  288.09818   -0.00241   -0.16659   -0.15270
  845   66.28278  288.11668   -0.00239   -0.16646   -0.15270
  846   65.68402  288.13500   -0.00237   -0.16632   -0.15270
  847   65.08574  288.15317   -0.00235   -0.16619   -0.15270
  848   64.48793  288.17116   -0.00233   -0.16606   -0.15270
  849   63.89059  288.18899   -0.00230   -0.16593   -0.15270
  850   63.29372  288.20666   -0.00228   -0.16580   -0.15270
  851   62.69732  288.22416   -0.00226   -0.16567   -0.15270
  852   62.10139  288.24149   -0.00224   -0.16554   -0.15270
  853   61.50591  288.25866   -0.00222   -0.16541   -0.15270
  854   60.91089  288.27566   -0.00220   -0.16528   -0.15270
  855   60.31633  288.29250   -0.00217   -0.16516   -0.15270
  856   59.72222  288.30917   -0.00215   -0.16503   -0.15270
  857   59.12856  288.32568   -0.00213   -0.16491   -0.15270
  858   58.53535  288.34202   -0.00211   -0.16478   -0.15270
  859   57.94259  288.35820   -0.00209   -0.16466   -0.15270
  860   57.35026  288.37421   -0.00207   -0.16453   -0.15270
  861   56.75838  288.39006   -0.00205   -0.16441   -0.15270
  862   56.16693  288.40574   -0.00203   -0.16429   -0.15270
  863   55.57591  288.42126   -0.00200   -0.16417   -0.15270
  864   54.98533  288.43662   -0.00198   -0.16405   -0.15270
  865   54.39518  288.45181   -0.00196   -0.16393   -0.15270
  866   53.80545  288.46684   -0.00194   -0.16381   -0.15270
  867   53.21614  288.48170   -0.00192   -0.16370   -0.15270
  868   52.62726  288.49640   -0.00190   -0.16358   -0.15270
  869   52.03879  288.51094   -0.00188   -0.16346   -0.15270
  870   51.45074  288.52531   -0.00186   -0.16335   -0.15270
  871   50.86310  288.53952   -0.00183   -0.16323   -0.15270
  872   50.27588  288.55357   -0.00181   -0.16312   -0.15270
  873   49.68905  288.56745   -0.00179   -0.16301   -0.15270
  874   49.10264  288.58117   -0.00177   -0.16289   -0.15270
  875   48.51663  288.59473   -0.00175   -0.16278   -0.15270
  876   47.93101  288.60813   -0.00173   -0.16267   -0.15270
  877   47.34580  288.62136   -0.00171   -0.16256   -0.15270
  878   46.76097  288.63443   -0.00169   -0.16245   -0.15270
  879   46.17654  288.64734   -0.00166   -0.16234   -0.15270
  880   45.59250  288.66009   -0.00164   -0.16223   -0.15270
  881   45.00885  288.67267   -0.00162   -0.16213   -0.15270
  882   44.42558  288.68509   -0.00160   -0.16202   -0.15270
  883   43.84269  288.69735   -0.00158   -0.16191   -0.15270
  884   43.26018  288.70945   -0.00156   -0.16181   -0.15270
  885   42.67805  288.72138   -0.00154   -0.16170   -0.15270
  886   42.09629  288.73316   -0.00152   -0.16160   -0.15270
  887   41.51491  288.74477   -0.00150   -0.16150   -0.15270
  888   40.93389  288.75622   -0.00148   -0.16139   -0.15270
  889   40.35324  288.76751   -0.00145   -0.16129   -0.15270
  890   39.77295  288.77864   -0.00143   -0.16119   -0.15270
  891   39.19303  288.78961   -0.00141   -0.16109   -0.15270
  892   38.61346  288.80041   -0.00139   -0.16099   -0.15270
  893   38.03425  288.81106   -0.00137   -0.16089   -0.15270
  894   37.45540  288.82154   -0.00135   -0.16079   -0.15270
  895   36.87689  288.83187   -0.00133   -0.16070   -0.15270
  896   36.29874  288.84203   -0.00131   -0.16060   -0.15270
  897   35.72093  288.85203   -0.00129   -0.16050   -0.15270
  898   35.14346  288.86188   -0.00127   -0.16041   -0.15270
  899   34.56634  288.87156   -0.00125   -0.16031   -0.15270
  900   33.98956  288.88108   -0.00123   -0.16022   -0.15270
  901   33.41311  288.89044   -0.00120   -0.16012   -0.15270
  902   32.83700  288.89964   -0.00118   -0.16003   -0.15270
  903   32.26122  288.90868   -0.00116   -0.15994   -0.15270
  904   31.68577  288.91757   -0.00114   -0.15985   -0.15270
  905   31.11065  288.92629   -0.00112   -0.15976   -0.15270
  906   30.53585  288.93485   -0.00110   -0.15967   -0.15270
  907   29.96137  288.94325   -0.00108   -0.15958   -0.15270
  908   29.38721  288.95149   -0.00106   -0.15949   -0.15270
  909   28.81337  288.95958   -0.00104   -0.15940   -0.15270
  910   28.23985  288.96750   -0.00102   -0.15931   -0.15270
  911   27.66664  288.97527   -0.00100   -0.15923   -0.15270
  912   27.09374  288.98287   -0.00098   -0.15914   -0.15270
  913   26.52114  288.99032   -0.00096   -0.15905   -0.15270
  914   25.94886  288.99761   -0.00094   -0.15897   -0.15270
  915   25.37687  289.00473   -0.00091   -0.15888   -0.15270
  916   24.80519  289.01170   -0.00089   -0.15880   -0.15270
  917   24.23380  289.01852   -0.00087   -0.15872   -0.15270
  918   23.66271  289.02517   -0.00085   -0.15864   -0.15270
  919   23.09191  289.03166   -0.00083   -0.15855   -0.15270
  920   22.52141  289.03800   -0.00081   -0.15847   -0.15270
  921   21.95119  289.04417   -0.00079   -0.15839   -0.15270
  922   21.38126  289.05019   -0.00077   -0.15831   -0.15270
  923   20.81162  289.05605   -0.00075   -0.15823   -0.15270
  924   20.24225  289.06175   -0.00073   -0.15816   -0.15270
  925   19.67317  289.06730   -0.00071   -0.15808   -0.15270
  926   19.10436  289.07268   -0.00069   -0.15800   -0.15270
  927   18.53583  289.07791   -0.00067   -0.15793   -0.15270
  928   17.96757  289.08298   -0.00065   -0.15785   -0.15270
  929   17.39959  289.08789   -0.00063   -0.15777   -0.15270
  930   16.83187  289.09265   -0.00061   -0.15770   -0.15270
  931   16.26441  289.09724   -0.00059   -0.15763   -0.15270
  932   15.69722  289.10168   -0.00057   -0.15755   -0.15270
  933   15.13029  289.10597   -0.00055   -0.15748   -0.15270
  934   14.56362  289.11009   -0.00053   -0.15741   -0.15270
  935   13.99720  289.11406   -0.00050   -0.15734   -0.15270
  936   13.43104  289.11787   -0.00048   -0.15727   -0.15270
  937   12.86513  289.12152   -0.00046   -0.15720   -0.15270
  938   12.29947  289.12501   -0.00044   -0.15713   -0.15270
  939   11.73406  289.12835   -0.00042   -0.15706   -0.15270
  940   11.16890  289.13153   -0.00040   -0.15699   -0.15270
  941   10.60397  289.13456   -0.00038   -0.15692   -0.15270
  942   10.03929  289.13742   -0.00036   -0.15686   -0.15270
  943    9.47485  289.14013   -0.00034   -0.15679   -0.15270
  944    8.91064  289.14269   -0.00032   -0.15672   -0.15270
  945    8.34666  289.14508   -0.00030   -0.15666   -0.15270
  946    7.78292  289.14732   -0.00028   -0.15660   -0.15270
  947    7.21941  289.14941   -0.00026   -0.15653   -0.15270
  948    6.65612  289.15133   -0.00024   -0.15647   -0.15270
  949    6.09306  289.15311   -0.00022   -0.15641   -0.15270
  950    5.53022  289.15472   -0.00020   -0.15634   -0.15270
  951    4.96760  289.15618   -0.00018   -0.15628   -0.15270
  952    4.40520  289.15748   -0.00016   -0.15622   -0.15270
  953    3.84302  289.15863   -0.00014   -0.15616   -0.15270
  954    3.28105  289.15961   -0.00012   -0.15610   -0.15270
  955    2.71929  289.16045   -0.00010   -0.15604   -0.15270
  956    2.15774  289.16113   -0.00008   -0.15599   -0.15270
  957    1.59640  289.16165   -0.00006   -0.15593   -0.15270
  958    1.03526  289.16201   -0.00004   -0.15587   -0.15270
  959    0.47433  289.16222   -0.00002   -0.15582   -0.15270
  960   -0.08641  289.16228    0.00000   -0.15576   -0.15270
  961    0.00000  289.16228    0.00000    0.00000    0.00000
  962    0.00000  289.16228    0.00000    0.00000    0.00000
  963    0.00000  289.16228    0.00000    0.00000    0.00000
  964    0.00000  289.16228    0.00000    0.00000    0.00000
  965    0.00000  289.16228    0.00000    0.00000    0.00000
  966    0.00000  289.16228    0.00000    0.00000    0.00000
  967    0.00000  289.16228    0.00000    0.00000    0.00000
  968    0.00000  289.16228    0.00000    0.00000    0.00000
  969    0.00000  289.16228    0.00000    0.00000    0.00000
  970    0.00000  289.16228    0.00000    0.00000    0.00000
  971    0.00000  289.16228    0.00000    0.00000    0.00000
  972    0.00000  289.16228    0.00000    0.00000    0.00000
  973    0.00000  289.16228    0.00000    0.00000    0.00000
  974    0.00000  289.16228    0.00000    0.00000    0.00000
  975    0.00000  289.16228    0.00000    0.00000    0.00000
  976    0.00000  289.16228    0.00000    0.00000    0.00000
  977    0.00000  289.16228    0.00000    0.00000    0.00000
  978    0.00000  289.16228    0.00000    0.00000    0.00000
  979    0.00000  289.16228    0.00000    0.00000    0.00000
  980    0.00000  289.16228    0.00000    0.00000    0.00000
  981    0.00000  289.16228    0.00000    0.00000    0.00000
  982    0.00000  289.16228    0.00000    0.00000    0.00000
  983    0.00000  289.16228    0.00000    0.00000    0.00000
  984    0.00000  289.16228    0.00000    0.00000    0.00000
  985    0.00000  289.16228    0.00000    0.00000    0.00000
  986    0.00000  289.16228    0.00000    0.00000    0.00000
  987    0.00000  289.16228    0.00000    0.00000    0.00000
  988    0.00000  289.16228    0.00000    0.00000    0.00000
  989    0.00000  289.16228    0.00000    0.00000    0.00000
  990    0.00000  289.16228    0.00000    0.00000    0.00000
  991    0.00000  289.16228    0.00000    0.00000    0.00000
  992    0.00000  289.16228    0.00000    0.00000    0.00000
  993    0.00000  289.16228    0.00000    0.00000    0.00000
  994    0.00000  289.16228    0.00000    0.00000    0.00000
  995    0.00000  289.16228    0.00000    0.00000    0.00000
  996    0.00000  289.16228    0.00000    0.00000    0.00000
  997    0.00000  289.16228    0.00000    0.00000    0.00000
  998    0.00000  289.16228    0.00000    0.00000    0.00000
  999    0.00000  289.16228    0.00000    0.00000    0.00000
 1000    0.00000  289.16228    0.00000    0.00000    0.00000
 1001    0.00000  289.16228    0.00000    0.00000    0.00000
 1002    0.00000  289.16228    0.00000    0.00000    0.00000
 1003    0.00000  289.16228    0.00000    0.00000    0.00000
 1004    0.00000  289.16228    0.00000    0.00000    0.00000
 1005    0.00000  289.16228    0.00000    0.00000    0.00000
 1006    0.00000  289.16228    0.00000    0.00000    0.00000
 1007    0.00000  289.16228    0.00000    0.00000    0.00000
 1008    0.00000  289.16228    0.00000    0.00000    0.00000
 1009    0.00000  289.16228    0.00000    0.00000    0.00000
 1010    0.00000  289.16228    0.00000    0.00000    0.00000
 1011    0.00000  289.16228    0.00000    0.00000    0.00000
 1012    0.00000  289.16228    0.00000    0.00000    0.00000
 1013    0.00000  289.16228    0.00000    0.00000    0.00000
 1014    0.00000  289.16228    0.00000    0.00000    0.00000
 1015    0.00000  289.16228    0.00000    0.00000    0.00000
 1016    0.00000  289.16228    0.00000    0.00000    0.00000
 1017    0.00000  289.16228    0.00000    0.00000    0.00000
 1018    0.00000  289.16228    0.00000    0.00000    0.00000
 1019    0.00000  289.16228    0.00000    0.00000    0.00000
 1020    0.00000  289.16228    0.00000    0.00000    0.00000
